0.0 0
3.2537 4294967295
3.51236 4294967295
3.51709 4294967295
3.52024 4294967295
3.52339 4294967295
3.52654 4294967295
3.72812 4294967295
3.78816 4294967295
3.79446 4294967295
3.79762 4294967295
3.80077 4294967295
3.80392 4294967295
3.80707 4294967295
3.81022 4294967295
4.01038 4294967295
4.07342 4294967295
4.07972 4294967295
4.08287 4294967295
4.08602 4294967295
4.08918 4294967295
4.09233 4294967295
4.09548 4294967295
4.09863 4294967295
4.10178 4294967295
4.10494 4294967295
4.30509 4294967295
4.30824 4294967295
4.37128 4294967295
4.37758 4294967295
4.38074 4294967295
4.38389 4294967295
4.38704 4294967295
4.39019 4294967295
4.39334 4294967295
4.3965 4294967295
4.39965 4294967295
4.4028 4294967295
4.40602 4294967295
4.4091 4294967295
4.41226 4294967295
4.41541 4294967295
4.41856 4294967295
4.61871 4294967295
4.62186 4294967295
4.62502 4294967295
4.68806 4294967295
4.69436 4294967295
4.69751 4294967295
4.70066 4294967295
4.70382 4294967295
4.70697 4294967295
4.71012 4294967295
4.71327 4294967295
4.71642 4294967295
4.71958 4294967295
4.72273 4294967295
4.72588 4294967295
4.72903 4294967295
4.73218 4294967295
4.73534 4294967295
4.74006 4294967295
4.74322 4294967295
4.74637 4294967295
4.74952 4294967295
4.75432 12070
4.75432 12070
5.47763 12070
5.48078 12070
5.48394 12070
5.48709 12070
5.49024 12070
5.49339 12070
5.49654 12070
5.4997 12070
5.50285 12070
5.63523 12070
5.63838 12070
5.64154 12070
5.64469 12070
5.64784 12070
5.65099 12070
5.65414 12070
5.6573 12070
5.66045 12070
5.6636 12070
5.66675 12070
5.6699 12070
5.67306 12070
5.67621 12070
5.67936 12070
5.68251 12070
5.68566 12070
5.8212 12070
5.82435 12070
5.8275 12070
5.83066 12070
5.83381 12070
5.83696 12070
5.84011 12070
5.84326 12070
5.84642 12070
5.84957 12070
5.85272 12070
5.85587 12070
5.85902 12070
5.86218 12070
5.86533 12070
5.86848 12070
5.87163 12070
5.87478 12070
6.00717 12070
6.01032 12070
6.01347 12070
6.01662 12070
6.01978 12070
6.02293 12070
6.02608 12070
6.02923 12070
6.03238 12070
6.03554 12070
6.03869 12070
6.04184 12070
6.04499 12070
6.04814 12070
6.0513 12070
6.05445 12070
6.0576 12070
6.06075 12070
6.19629 12070
6.19944 12070
6.20259 12070
6.20574 12070
6.2089 12070
6.21205 12070
6.2152 12070
6.21835 12070
6.2215 12070
6.22466 12070
6.22781 12070
6.23096 12070
6.23411 12070
6.23726 12070
6.24042 12070
6.24357 12070
6.24672 12070
6.24987 12070
6.38856 12070
6.39171 12070
6.39486 12070
6.39802 12070
6.40117 12070
6.40432 12070
6.40747 12070
6.41062 12070
6.41378 12070
6.41693 12070
6.42008 12070
6.42323 12070
6.42638 12070
6.42954 12070
6.43269 12070
6.43584 12070
6.43899 12070
6.44214 12070
6.58398 12070
6.58714 12070
6.59029 12070
6.59344 12070
6.59659 12070
6.59974 12070
6.6029 12070
6.60605 12070
6.6092 12070
6.61235 12070
6.6155 12070
6.61866 12070
6.62181 12070
6.62496 12070
6.62811 12070
6.63126 12070
6.63442 12070
6.63757 12070
6.64072 12070
6.77941 12070
6.78256 12070
6.78571 12070
6.78886 12070
6.79202 12070
6.79517 12070
6.79832 12070
6.80147 12070
6.80462 12070
6.80778 12070
6.81093 12070
6.81408 12070
6.81723 12070
6.82038 12070
6.82354 12070
6.82669 12070
6.82984 12070
6.83299 12070
6.83614 12070
6.97483 12070
6.97798 12070
6.98114 12070
6.98429 12070
6.98744 12070
6.99059 12070
6.99374 12070
6.9969 12070
7.00005 12070
7.0032 12070
7.00635 12070
7.0095 12070
7.01266 12070
7.01581 12070
7.01896 12070
7.02211 12070
7.02526 12070
7.02842 12070
7.03157 12070
7.17341 12070
7.17656 12070
7.17971 12070
7.18286 12070
7.18602 12070
7.18917 12070
7.19232 12070
7.19547 12070
7.19862 12070
7.20178 12070
7.20493 12070
7.20808 12070
7.21123 12070
7.21438 12070
7.21754 12070
7.22069 12070
7.22384 12070
7.22699 12070
7.23014 12070
7.37514 12070
7.37829 12070
7.38144 12070
7.38459 12070
7.38774 12070
7.3909 12070
7.39405 12070
7.3972 12070
7.40035 12070
7.4035 12070
7.40666 12070
7.40981 12070
7.41296 12070
7.41611 12070
7.41926 12070
7.42242 12070
7.42557 12070
7.42872 12070
7.43187 12070
7.58002 12070
7.58317 12070
7.58632 12070
7.58947 12070
7.59262 12070
7.59578 12070
7.59893 12070
7.60208 12070
7.60523 12070
7.60838 12070
7.61154 12070
7.61469 12070
7.61784 12070
7.62099 12070
7.62414 12070
7.6273 12070
7.63045 12070
7.6336 12070
7.63675 12070
7.6399 12070
7.7849 12070
7.78805 12070
7.7912 12070
7.79435 12070
7.7975 12070
7.80066 12070
7.80381 12070
7.80696 12070
7.81011 12070
7.81326 12070
7.81642 12070
7.81957 12070
7.82272 12070
7.82587 12070
7.82902 12070
7.83218 12070
7.83533 12070
7.83848 12070
7.84163 12070
7.84478 12070
7.99293 12070
7.99608 12070
7.99923 12070
8.00238 12070
8.00554 12070
8.00869 12070
8.01184 12070
8.01499 12070
8.01814 12070
8.0213 12070
8.02445 12070
8.0276 12070
8.03075 12070
8.0339 12070
8.03706 12070
8.04021 12070
8.04336 12070
8.04651 12070
8.04966 12070
8.05282 12070
8.20411 12070
8.20726 12070
8.21042 12070
8.21357 12070
8.21672 12070
8.21987 12070
8.22302 12070
8.22618 12070
8.22933 12070
8.23248 12070
8.23563 12070
8.23878 12070
8.24194 12070
8.24509 12070
8.24824 12070
8.25139 12070
8.25454 12070
8.2577 12070
8.26085 12070
8.264 12070
8.41687 12070
8.42002 12070
8.42318 12070
8.42633 12070
8.42948 12070
8.43263 12070
8.43578 12070
8.43894 12070
8.44209 12070
8.44524 12070
8.44839 12070
8.45154 12070
8.4547 12070
8.45785 12070
8.461 12070
8.46415 12070
8.4673 12070
8.47046 12070
8.47361 12070
8.47676 12070
8.47991 12070
8.63278 12070
8.63594 12070
8.63909 12070
8.64224 12070
8.64539 12070
8.64854 12070
8.6517 12070
8.65485 12070
8.658 12070
8.66115 12070
8.6643 12070
8.66746 12070
8.67061 12070
8.67376 12070
8.67691 12070
8.68006 12070
8.68322 12070
8.68637 12070
8.68952 12070
8.69267 12070
8.69582 12070
8.8487 12070
8.85185 12070
8.855 12070
8.85815 12070
8.8613 12070
8.86446 12070
8.86761 12070
8.87076 12070
8.87391 12070
8.87706 12070
8.88022 12070
8.88337 12070
8.88652 12070
8.88967 12070
8.89282 12070
8.89598 12070
8.89913 12070
8.90228 12070
8.90543 12070
8.90858 12070
8.91174 12070
9.06776 12070
9.07091 12070
9.07406 12070
9.07722 12070
9.08037 12070
9.08352 12070
9.08667 12070
9.08982 12070
9.09298 12070
9.09613 12070
9.09928 12070
9.10243 12070
9.10558 12070
9.10874 12070
9.11189 12070
9.11504 12070
9.11819 12070
9.12134 12070
9.1245 12070
9.12765 12070
9.1308 12070
9.28998 12070
9.29313 12070
9.29628 12070
9.29943 12070
9.30258 12070
9.30574 12070
9.30889 12070
9.31204 12070
9.31519 12070
9.31834 12070
9.3215 12070
9.32465 12070
9.3278 12070
9.33095 12070
9.3341 12070
9.33726 12070
9.34041 12070
9.34356 12070
9.34671 12070
9.34986 12070
9.35302 12070
9.51219 12070
9.51534 12070
9.5185 12070
9.52165 12070
9.5248 12070
9.52795 12070
9.5311 12070
9.53426 12070
9.53741 12070
9.54056 12070
9.54371 12070
9.54686 12070
9.55002 12070
9.55317 12070
9.55632 12070
9.55947 12070
9.56262 12070
9.56578 12070
9.56893 12070
9.57208 12070
9.57523 12070
9.57838 12070
9.73598 12070
9.73914 12070
9.74229 12070
9.74544 12070
9.74859 12070
9.75174 12070
9.7549 12070
9.75805 12070
9.7612 12070
9.76435 12070
9.7675 12070
9.77066 12070
9.77381 12070
9.77696 12070
9.78011 12070
9.78326 12070
9.78642 12070
9.78957 12070
9.79272 12070
9.79587 12070
9.79902 12070
9.80218 12070
9.96293 12070
9.96608 12070
9.96923 12070
9.97238 12070
9.97554 12070
9.97869 12070
9.98184 12070
9.98499 12070
9.98814 12070
9.9913 12070
9.99445 12070
9.9976 12070
10.0008 12070
10.0039 12070
10.0071 12070
10.0102 12070
10.0134 12070
10.0165 12070
10.0197 12070
10.0228 12070
10.026 12070
10.0291 12070
10.193 12070
10.1962 12070
10.1993 12070
10.2025 12070
10.2056 12070
10.2088 12070
10.2119 12070
10.2151 12070
10.2182 12070
10.2214 12070
10.2245 12070
10.2277 12070
10.2308 12070
10.234 12070
10.2372 12070
10.2403 12070
10.2435 12070
10.2466 12070
10.2498 12070
10.2529 12070
10.2561 12070
10.2592 12070
10.4263 12070
10.4294 12070
10.4326 12070
10.4357 12070
10.4389 12070
10.442 12070
10.4452 12070
10.4483 12070
10.4515 12070
10.4546 12070
10.4578 12070
10.4609 12070
10.4641 12070
10.4672 12070
10.4704 12070
10.4736 12070
10.4767 12070
10.4799 12070
10.483 12070
10.4862 12070
10.4893 12070
10.4925 12070
10.4956 12070
10.6595 12070
10.6627 12070
10.6658 12070
10.669 12070
10.6721 12070
10.6753 12070
10.6784 12070
10.6816 12070
10.6847 12070
10.6879 12070
10.691 12070
10.6942 12070
10.6973 12070
10.7005 12070
10.7036 12070
10.7068 12070
10.71 12070
10.7131 12070
10.7163 12070
10.7194 12070
10.7226 12070
10.7257 12070
10.7289 12070
10.8943 12070
10.8975 12070
10.9006 12070
10.9038 12070
10.907 12070
10.9101 12070
10.9133 12070
10.9164 12070
10.9196 12070
10.9227 12070
10.9259 12070
10.929 12070
10.9322 12070
10.9353 12070
10.9385 12070
10.9416 12070
10.9448 12070
10.9479 12070
10.9511 12070
10.9542 12070
10.9574 12070
10.9605 12070
10.9637 12070
11.1323 12070
11.1355 12070
11.1386 12070
11.1418 12070
11.1449 12070
11.1481 12070
11.1512 12070
11.1544 12070
11.1575 12070
11.1607 12070
11.1638 12070
11.167 12070
11.1701 12070
11.1733 12070
11.1764 12070
11.1796 12070
11.1828 12070
11.1859 12070
11.1891 12070
11.1922 12070
11.1954 12070
11.1985 12070
11.2017 12070
11.3734 12070
11.3766 12070
11.3798 12070
11.3829 12070
11.3861 12070
11.3892 12070
11.3924 12070
11.3955 12070
11.3987 12070
11.4018 12070
11.405 12070
11.4081 12070
11.4113 12070
11.4144 12070
11.4176 12070
11.4207 12070
11.4239 12070
11.427 12070
11.4302 12070
11.4333 12070
11.4365 12070
11.4396 12070
11.4428 12070
11.4459 12070
11.6177 12070
11.6209 12070
11.624 12070
11.6272 12070
11.6303 12070
11.6335 12070
11.6366 12070
11.6398 12070
11.6429 12070
11.6461 12070
11.6492 12070
11.6524 12070
11.6556 12070
11.6587 12070
11.6619 12070
11.665 12070
11.6682 12070
11.6713 12070
11.6745 12070
11.6776 12070
11.6808 12070
11.6839 12070
11.6871 12070
11.6902 12070
11.862 12070
11.8652 12070
11.8683 12070
11.8715 12070
11.8746 12070
11.8778 12070
11.8809 12070
11.8841 12070
11.8872 12070
11.8904 12070
11.8935 12070
11.8967 12070
11.8998 12070
11.903 12070
11.9061 12070
11.9093 12070
11.9124 12070
11.9156 12070
11.9187 12070
11.9219 12070
11.925 12070
11.9282 12070
11.9314 12070
11.9345 12070
12.1094 12070
12.1126 12070
12.1157 12070
12.1189 12070
12.122 12070
12.1252 12070
12.1284 12070
12.1315 12070
12.1347 12070
12.1378 12070
12.141 12070
12.1441 12070
12.1473 12070
12.1504 12070
12.1536 12070
12.1567 12070
12.1599 12070
12.163 12070
12.1662 12070
12.1693 12070
12.1725 12070
12.1756 12070
12.1788 12070
12.1819 12070
12.3584 12070
12.3616 12070
12.3648 12070
12.3679 12070
12.3711 12070
12.3742 12070
12.3774 12070
12.3805 12070
12.3837 12070
12.3868 12070
12.39 12070
12.3931 12070
12.3963 12070
12.3994 12070
12.4026 12070
12.4057 12070
12.4089 12070
12.412 12070
12.4152 12070
12.4183 12070
12.4215 12070
12.4246 12070
12.4278 12070
12.4309 12070
12.6106 12070
12.6138 12070
12.6169 12070
12.6201 12070
12.6232 12070
12.6264 12070
12.6295 12070
12.6327 12070
12.6358 12070
12.639 12070
12.6421 12070
12.6453 12070
12.6484 12070
12.6516 12070
12.6547 12070
12.6579 12070
12.661 12070
12.6642 12070
12.6673 12070
12.6705 12070
12.6736 12070
12.6768 12070
12.68 12070
12.6831 12070
12.6863 12070
12.8628 12070
12.8659 12070
12.8691 12070
12.8722 12070
12.8754 12070
12.8785 12070
12.8817 12070
12.8848 12070
12.888 12070
12.8911 12070
12.8943 12070
12.8974 12070
12.9006 12070
12.9037 12070
12.9069 12070
12.91 12070
12.9132 12070
12.9164 12070
12.9195 12070
12.9227 12070
12.9258 12070
12.929 12070
12.9321 12070
12.9353 12070
12.9384 12070
13.1165 12070
13.1197 12070
13.1228 12070
13.126 12070
13.1291 12070
13.1323 12070
13.1354 12070
13.1386 12070
13.1417 12070
13.1449 12070
13.148 12070
13.1512 12070
13.1543 12070
13.1575 12070
13.1606 12070
13.1638 12070
13.1669 12070
13.1701 12070
13.1732 12070
13.1764 12070
13.1795 12070
13.1827 12070
13.1858 12070
13.189 12070
13.1922 12070
13.3734 12070
13.3765 12070
13.3797 12070
13.3828 12070
13.386 12070
13.3892 12070
13.3923 12070
13.3955 12070
13.3986 12070
13.4018 12070
13.4049 12070
13.4081 12070
13.4112 12070
13.4144 12070
13.4175 12070
13.4207 12070
13.4238 12070
13.427 12070
13.4301 12070
13.4333 12070
13.4364 12070
13.4396 12070
13.4427 12070
13.4459 12070
13.449 12070
13.6334 12070
13.6366 12070
13.6397 12070
13.6429 12070
13.646 12070
13.6492 12070
13.6523 12070
13.6555 12070
13.6586 12070
13.6618 12070
13.665 12070
13.6681 12070
13.6713 12070
13.6744 12070
13.6776 12070
13.6807 12070
13.6839 12070
13.687 12070
13.6902 12070
13.6933 12070
13.6965 12070
13.6996 12070
13.7028 12070
13.7059 12070
13.7091 12070
13.7122 12070
13.8966 12070
13.8998 12070
13.9029 12070
13.9061 12070
13.9092 12070
13.9124 12070
13.9155 12070
13.9187 12070
13.9218 12070
13.925 12070
13.9281 12070
13.9313 12070
13.9344 12070
13.9376 12070
13.9408 12070
13.9439 12070
13.9471 12070
13.9502 12070
13.9534 12070
13.9565 12070
13.9597 12070
13.9628 12070
13.966 12070
13.9691 12070
13.9723 12070
13.9754 12070
14.1598 12070
14.163 12070
14.1661 12070
14.1693 12070
14.1724 12070
14.1756 12070
14.1787 12070
14.1819 12070
14.185 12070
14.1882 12070
14.1913 12070
14.1945 12070
14.1976 12070
14.2008 12070
14.2039 12070
14.2071 12070
14.2102 12070
14.2134 12070
14.2166 12070
14.2197 12070
14.2229 12070
14.226 12070
14.2292 12070
14.2323 12070
14.2355 12070
14.2386 12070
14.4246 12070
14.4277 12070
14.4309 12070
14.434 12070
14.4372 12070
14.4403 12070
14.4435 12070
14.4466 12070
14.4498 12070
14.453 12070
14.4561 12070
14.4593 12070
14.4624 12070
14.4656 12070
14.4687 12070
14.4719 12070
14.475 12070
14.4782 12070
14.4813 12070
14.4845 12070
14.4876 12070
14.4908 12070
14.4939 12070
14.4971 12070
14.5002 12070
14.5034 12070
14.6925 12070
14.6957 12070
14.6988 12070
14.702 12070
14.7051 12070
14.7083 12070
14.7114 12070
14.7146 12070
14.7177 12070
14.7209 12070
14.724 12070
14.7272 12070
14.7303 12070
14.7335 12070
14.7366 12070
14.7398 12070
14.7429 12070
14.7461 12070
14.7492 12070
14.7524 12070
14.7555 12070
14.7587 12070
14.7618 12070
14.765 12070
14.7682 12070
14.7713 12070
14.9604 12070
14.9636 12070
14.9667 12070
14.9699 12070
14.973 12070
14.9762 12070
14.9793 12070
14.9825 12070
14.9856 12070
14.9888 12070
14.9919 12070
14.9951 12070
14.9982 12070
15.0014 12070
15.0046 12070
15.0077 12070
15.0109 12070
15.014 12070
15.0172 12070
15.0203 12070
15.0235 12070
15.0266 12070
15.0298 12070
15.0329 12070
15.0361 12070
15.0392 12070
15.0424 12070
15.2331 12070
15.2362 12070
15.2394 12070
15.2425 12070
15.2457 12070
15.2488 12070
15.252 12070
15.2551 12070
15.2583 12070
15.2614 12070
15.2646 12070
15.2677 12070
15.2709 12070
15.274 12070
15.2772 12070
15.2804 12070
15.2835 12070
15.2867 12070
15.2898 12070
15.293 12070
15.2961 12070
15.2993 12070
15.3024 12070
15.3056 12070
15.3087 12070
15.3119 12070
15.315 12070
15.5057 12070
15.5089 12070
15.512 12070
15.5152 12070
15.5183 12070
15.5215 12070
15.5246 12070
15.5278 12070
15.5309 12070
15.5341 12070
15.5372 12070
15.5404 12070
15.5435 12070
15.5467 12070
15.5498 12070
15.553 12070
15.5562 12070
15.5593 12070
15.5625 12070
15.5656 12070
15.5688 12070
15.5719 12070
15.5751 12070
15.5782 12070
15.5814 12070
15.5845 12070
15.5877 12070
15.7815 12070
15.7847 12070
15.7878 12070
15.791 12070
15.7941 12070
15.7973 12070
15.8004 12070
15.8036 12070
15.8067 12070
15.8099 12070
15.813 12070
15.8162 12070
15.8193 12070
15.8225 12070
15.8256 12070
15.8288 12070
15.832 12070
15.8351 12070
15.8383 12070
15.8414 12070
15.8446 12070
15.8477 12070
15.8509 12070
15.854 12070
15.8572 12070
15.8603 12070
15.8635 12070
16.0605 12070
16.0636 12070
16.0668 12070
16.0699 12070
16.0731 12070
16.0762 12070
16.0794 12070
16.0825 12070
16.0857 12070
16.0888 12070
16.092 12070
16.0951 12070
16.0983 12070
16.1014 12070
16.1046 12070
16.1078 12070
16.1109 12070
16.1141 12070
16.1172 12070
16.1204 12070
16.1235 12070
16.1267 12070
16.1298 12070
16.133 12070
16.1361 12070
16.1393 12070
16.1424 12070
16.1456 12070
16.341 12070
16.3442 12070
16.3473 12070
16.3505 12070
16.3536 12070
16.3568 12070
16.3599 12070
16.3631 12070
16.3662 12070
16.3694 12070
16.3725 12070
16.3757 12070
16.3788 12070
16.382 12070
16.3851 12070
16.3883 12070
16.3914 12070
16.3946 12070
16.3977 12070
16.4009 12070
16.404 12070
16.4072 12070
16.4103 12070
16.4135 12070
16.4166 12070
16.4198 12070
16.423 12070
16.4261 12070
16.6247 12070
16.6278 12070
16.631 12070
16.6341 12070
16.6373 12070
16.6404 12070
16.6436 12070
16.6467 12070
16.6499 12070
16.653 12070
16.6562 12070
16.6594 12070
16.6625 12070
16.6657 12070
16.6688 12070
16.672 12070
16.6751 12070
16.6783 12070
16.6814 12070
16.6846 12070
16.6877 12070
16.6909 12070
16.694 12070
16.6972 12070
16.7003 12070
16.7035 12070
16.7066 12070
16.7098 12070
16.9084 12070
16.9115 12070
16.9147 12070
16.9178 12070
16.921 12070
16.9241 12070
16.9273 12070
16.9304 12070
16.9336 12070
16.9367 12070
16.9399 12070
16.943 12070
16.9462 12070
16.9493 12070
16.9525 12070
16.9556 12070
16.9588 12070
16.9619 12070
16.9651 12070
16.9682 12070
16.9714 12070
16.9746 12070
16.9777 12070
16.9809 12070
16.984 12070
16.9872 12070
16.9903 12070
16.9935 12070
17.195 12070
17.1968 12070
17.1999 12070
17.2031 12070
17.2062 12070
17.2094 12070
17.2125 12070
17.2157 12070
17.2188 12070
17.222 12070
17.2251 12070
17.2283 12070
17.2314 12070
17.2346 12070
17.2377 12070
17.2409 12070
17.244 12070
17.2472 12070
17.2504 12070
17.2535 12070
17.2567 12070
17.2598 12070
17.263 12070
17.2661 12070
17.2693 12070
17.2724 12070
17.2756 12070
17.2787 12070
17.2819 12070
17.4836 12070
17.4868 12070
17.4899 12070
17.4931 12070
17.4962 12070
17.4994 12070
17.5025 12070
17.5057 12070
17.5088 12070
17.512 12070
17.5151 12070
17.5183 12070
17.5214 12070
17.5246 12070
17.5277 12070
17.5309 12070
17.534 12070
17.5372 12070
17.5403 12070
17.5435 12070
17.5466 12070
17.5498 12070
17.5529 12070
17.5561 12070
17.5592 12070
17.5624 12070
17.5656 12070
17.5687 12070
17.5719 12070
17.7752 12070
17.7783 12070
17.7815 12070
17.7846 12070
17.7878 12070
17.7909 12070
17.7941 12070
17.7972 12070
17.8004 12070
17.8035 12070
17.8067 12070
17.8098 12070
17.813 12070
17.8161 12070
17.8193 12070
17.8224 12070
17.8256 12070
17.8287 12070
17.8319 12070
17.835 12070
17.8382 12070
17.8414 12070
17.8445 12070
17.8477 12070
17.8508 12070
17.854 12070
17.8571 12070
17.8603 12070
17.8634 12070
18.0667 12070
18.0699 12070
18.073 12070
18.0762 12070
18.0793 12070
18.0825 12070
18.0856 12070
18.0888 12070
18.0919 12070
18.0951 12070
18.0982 12070
18.1014 12070
18.1045 12070
18.1077 12070
18.1108 12070
18.114 12070
18.1172 12070
18.1203 12070
18.1235 12070
18.1266 12070
18.1298 12070
18.1329 12070
18.1361 12070
18.1392 12070
18.1424 12070
18.1455 12070
18.1487 12070
18.1518 12070
18.155 12070
18.3566 12070
18.363 12070
18.3662 12070
18.3693 12070
18.3725 12070
18.3756 12070
18.3788 12070
18.3819 12070
18.3851 12070
18.3882 12070
18.3914 12070
18.3945 12070
18.3977 12070
18.4008 12070
18.404 12070
18.4071 12070
18.4103 12070
18.4134 12070
18.4166 12070
18.4197 12070
18.4229 12070
18.426 12070
18.4292 12070
18.4324 12070
18.4355 12070
18.4387 12070
18.4418 12070
18.445 12070
18.4481 12070
18.4513 12070
18.6609 12070
18.664 12070
18.6672 12070
18.6703 12070
18.6735 12070
18.6766 12070
18.6798 12070
18.6829 12070
18.6861 12070
18.6892 12070
18.6924 12070
18.6955 12070
18.6987 12070
18.7018 12070
18.705 12070
18.7082 12070
18.7113 12070
18.7145 12070
18.7176 12070
18.7208 12070
18.7239 12070
18.7271 12070
18.7302 12070
18.7334 12070
18.7365 12070
18.7397 12070
18.7428 12070
18.746 12070
18.7491 12070
18.7523 12070
18.9603 12070
18.9635 12070
18.9666 12070
18.9698 12070
18.9729 12070
18.9761 12070
18.9792 12070
18.9824 12070
18.9855 12070
18.9887 12070
18.9918 12070
18.995 12070
18.9981 12070
19.0013 12070
19.0044 12070
19.0076 12070
19.0107 12070
19.0139 12070
19.017 12070
19.0202 12070
19.0234 12070
19.0265 12070
19.0297 12070
19.0328 12070
19.036 12070
19.0391 12070
19.0423 12070
19.0454 12070
19.0486 12070
19.0517 12070
19.2629 12070
19.2661 12070
19.2692 12070
19.2724 12070
19.2755 12070
19.2787 12070
19.2818 12070
19.285 12070
19.2881 12070
19.2913 12070
19.2944 12070
19.2976 12070
19.3007 12070
19.3039 12070
19.307 12070
19.3102 12070
19.3133 12070
19.3165 12070
19.3196 12070
19.3228 12070
19.3259 12070
19.3291 12070
19.3322 12070
19.3354 12070
19.3386 12070
19.3417 12070
19.3449 12070
19.348 12070
19.3512 12070
19.3543 12070
19.5655 12070
19.5686 12070
19.5718 12070
19.575 12070
19.5781 12070
19.5813 12070
19.5844 12070
19.5876 12070
19.5907 12070
19.5939 12070
19.597 12070
19.6002 12070
19.6033 12070
19.6065 12070
19.6096 12070
19.6128 12070
19.6159 12070
19.6191 12070
19.6222 12070
19.6254 12070
19.6285 12070
19.6317 12070
19.6348 12070
19.638 12070
19.6411 12070
19.6443 12070
19.6474 12070
19.6506 12070
19.6538 12070
19.6569 12070
19.8585 12070
19.8728 12070
19.876 12070
19.8791 12070
19.8823 12070
19.8854 12070
19.8886 12070
19.8917 12070
19.8949 12070
19.898 12070
19.9012 12070
19.9043 12070
19.9075 12070
19.9106 12070
19.9138 12070
19.9169 12070
19.9201 12070
19.9232 12070
19.9264 12070
19.9296 12070
19.9327 12070
19.9359 12070
19.939 12070
19.9422 12070
19.9453 12070
19.9485 12070
19.9516 12070
19.9548 12070
19.9579 12070
19.9611 12070
19.9642 12070
20.1786 12070
20.1817 12070
20.1849 12070
20.188 12070
20.1912 12070
20.1943 12070
20.1975 12070
20.2006 12070
20.2038 12070
20.2069 12070
20.2101 12070
20.2132 12070
20.2164 12070
20.2195 12070
20.2227 12070
20.2258 12070
20.229 12070
20.2321 12070
20.2353 12070
20.2384 12070
20.2416 12070
20.2448 12070
20.2479 12070
20.2511 12070
20.2542 12070
20.2574 12070
20.2605 12070
20.2637 12070
20.2668 12070
20.27 12070
20.2731 12070
20.4906 12070
20.4938 12070
20.4969 12070
20.5001 12070
20.5032 12070
20.5064 12070
20.5095 12070
20.5127 12070
20.5158 12070
20.519 12070
20.5221 12070
20.5253 12070
20.5284 12070
20.5316 12070
20.5347 12070
20.5379 12070
20.541 12070
20.5442 12070
20.5473 12070
20.5505 12070
20.5536 12070
20.5568 12070
20.56 12070
20.5631 12070
20.5663 12070
20.5694 12070
20.5726 12070
20.5757 12070
20.5789 12070
20.582 12070
20.5852 12070
20.8027 12070
20.8058 12070
20.809 12070
20.8121 12070
20.8153 12070
20.8184 12070
20.8216 12070
20.8247 12070
20.8279 12070
20.831 12070
20.8342 12070
20.8373 12070
20.8405 12070
20.8436 12070
20.8468 12070
20.8499 12070
20.8531 12070
20.8562 12070
20.8594 12070
20.8625 12070
20.8657 12070
20.8688 12070
20.872 12070
20.8752 12070
20.8783 12070
20.8815 12070
20.8846 12070
20.8878 12070
20.8909 12070
20.8941 12070
20.8972 12070
21.0988 12070
21.1194 12070
21.1226 12070
21.1257 12070
21.1289 12070
21.132 12070
21.1352 12070
21.1383 12070
21.1415 12070
21.1446 12070
21.1478 12070
21.151 12070
21.1541 12070
21.1573 12070
21.1604 12070
21.1636 12070
21.1667 12070
21.1699 12070
21.173 12070
21.1762 12070
21.1793 12070
21.1825 12070
21.1856 12070
21.1888 12070
21.1919 12070
21.1951 12070
21.1982 12070
21.2014 12070
21.2045 12070
21.2077 12070
21.2108 12070
21.214 12070
21.4346 12070
21.4378 12070
21.4409 12070
21.4441 12070
21.4472 12070
21.4504 12070
21.4535 12070
21.4567 12070
21.4598 12070
21.463 12070
21.4662 12070
21.4693 12070
21.4725 12070
21.4756 12070
21.4788 12070
21.4819 12070
21.4851 12070
21.4882 12070
21.4914 12070
21.4945 12070
21.4977 12070
21.5008 12070
21.504 12070
21.5071 12070
21.5103 12070
21.5134 12070
21.5166 12070
21.5197 12070
21.5229 12070
21.526 12070
21.5292 12070
21.5323 12070
21.7546 12070
21.7577 12070
21.7609 12070
21.764 12070
21.7672 12070
21.7703 12070
21.7735 12070
21.7766 12070
21.7798 12070
21.7829 12070
21.7861 12070
21.7892 12070
21.7924 12070
21.7955 12070
21.7987 12070
21.8018 12070
21.805 12070
21.8081 12070
21.8113 12070
21.8144 12070
21.8176 12070
21.8208 12070
21.8239 12070
21.8271 12070
21.8302 12070
21.8334 12070
21.8365 12070
21.8397 12070
21.8428 12070
21.846 12070
21.8491 12070
21.8523 12070
22.0745 12070
22.0776 12070
22.0808 12070
22.0839 12070
22.0871 12070
22.0902 12070
22.0934 12070
22.0966 12070
22.0997 12070
22.1029 12070
22.106 12070
22.1092 12070
22.1123 12070
22.1155 12070
22.1186 12070
22.1218 12070
22.1249 12070
22.1281 12070
22.1312 12070
22.1344 12070
22.1375 12070
22.1407 12070
22.1438 12070
22.147 12070
22.1501 12070
22.1533 12070
22.1564 12070
22.1596 12070
22.1627 12070
22.1659 12070
22.169 12070
22.1722 12070
22.3738 12070
22.3991 12070
22.4023 12070
22.4054 12070
22.4086 12070
22.4118 12070
22.4149 12070
22.4181 12070
22.4212 12070
22.4244 12070
22.4275 12070
22.4307 12070
22.4338 12070
22.437 12070
22.4401 12070
22.4433 12070
22.4464 12070
22.4496 12070
22.4527 12070
22.4559 12070
22.459 12070
22.4622 12070
22.4653 12070
22.4685 12070
22.4716 12070
22.4748 12070
22.4779 12070
22.4811 12070
22.4842 12070
22.4874 12070
22.4906 12070
22.4937 12070
22.4969 12070
22.7254 12070
22.7285 12070
22.7317 12070
22.7348 12070
22.738 12070
22.7411 12070
22.7443 12070
22.7474 12070
22.7506 12070
22.7537 12070
22.7569 12070
22.76 12070
22.7632 12070
22.7664 12070
22.7695 12070
22.7727 12070
22.7758 12070
22.779 12070
22.7821 12070
22.7853 12070
22.7884 12070
22.7916 12070
22.7947 12070
22.7979 12070
22.801 12070
22.8042 12070
22.8073 12070
22.8105 12070
22.8136 12070
22.8168 12070
22.8199 12070
22.8231 12070
22.8262 12070
23.0548 12070
23.0579 12070
23.0611 12070
23.0642 12070
23.0674 12070
23.0705 12070
23.0737 12070
23.0768 12070
23.08 12070
23.0831 12070
23.0863 12070
23.0894 12070
23.0926 12070
23.0957 12070
23.0989 12070
23.102 12070
23.1052 12070
23.1083 12070
23.1115 12070
23.1146 12070
23.1178 12070
23.121 12070
23.1241 12070
23.1273 12070
23.1304 12070
23.1336 12070
23.1367 12070
23.1399 12070
23.143 12070
23.1462 12070
23.1493 12070
23.1525 12070
23.1556 12070
23.3826 12070
23.3857 12070
23.3889 12070
23.392 12070
23.3952 12070
23.3983 12070
23.4015 12070
23.4046 12070
23.4078 12070
23.4109 12070
23.4141 12070
23.4172 12070
23.4204 12070
23.4235 12070
23.4267 12070
23.4298 12070
23.433 12070
23.4362 12070
23.4393 12070
23.4425 12070
23.4456 12070
23.4488 12070
23.4519 12070
23.4551 12070
23.4582 12070
23.4614 12070
23.4645 12070
23.4677 12070
23.4708 12070
23.474 12070
23.4771 12070
23.4803 12070
23.4834 12070
23.685 12070
23.7135 12070
23.7167 12070
23.7198 12070
23.723 12070
23.7261 12070
23.7293 12070
23.7324 12070
23.7356 12070
23.7387 12070
23.7419 12070
23.745 12070
23.7482 12070
23.7514 12070
23.7545 12070
23.7577 12070
23.7608 12070
23.764 12070
23.7671 12070
23.7703 12070
23.7734 12070
23.7766 12070
23.7797 12070
23.7829 12070
23.786 12070
23.7892 12070
23.7923 12070
23.7955 12070
23.7986 12070
23.8018 12070
23.8049 12070
23.8081 12070
23.8112 12070
23.8144 12070
24.0461 12070
24.0492 12070
24.0524 12070
24.0555 12070
24.0587 12070
24.0618 12070
24.065 12070
24.0681 12070
24.0713 12070
24.0744 12070
24.0776 12070
24.0807 12070
24.0839 12070
24.087 12070
24.0902 12070
24.0933 12070
24.0965 12070
24.0996 12070
24.1028 12070
24.106 12070
24.1091 12070
24.1123 12070
24.1154 12070
24.1186 12070
24.1217 12070
24.1249 12070
24.128 12070
24.1312 12070
24.1343 12070
24.1375 12070
24.1406 12070
24.1438 12070
24.1469 12070
24.1501 12070
24.3833 12070
24.3865 12070
24.3896 12070
24.3928 12070
24.3959 12070
24.3991 12070
24.4022 12070
24.4054 12070
24.4085 12070
24.4117 12070
24.4148 12070
24.418 12070
24.4212 12070
24.4243 12070
24.4275 12070
24.4306 12070
24.4338 12070
24.4369 12070
24.4401 12070
24.4432 12070
24.4464 12070
24.4495 12070
24.4527 12070
24.4558 12070
24.459 12070
24.4621 12070
24.4653 12070
24.4684 12070
24.4716 12070
24.4747 12070
24.4779 12070
24.481 12070
24.4842 12070
24.4873 12070
24.6512 12070
24.6544 12070
24.6576 12070
24.6607 12070
24.6639 12070
24.667 12070
24.6702 12070
24.6733 12070
24.6765 12070
24.6796 12070
24.6828 12070
24.6859 12070
24.6891 12070
24.6922 12070
24.6954 12070
24.6985 12070
24.7017 12070
24.7048 12070
24.708 12070
24.7111 12070
24.7143 12070
24.7174 12070
24.7206 12070
24.7237 12070
24.7269 12070
24.73 12070
24.7332 12070
24.7364 12070
24.7395 12070
24.7427 12070
24.7458 12070
24.749 12070
24.7521 12070
24.7553 12070
24.9207 12070
24.9239 12070
24.927 12070
24.9302 12070
24.9334 12070
24.9365 12070
24.9397 12070
24.9428 12070
24.946 12070
24.9491 12070
24.9523 12070
24.9554 12070
24.9586 12070
24.9617 12070
24.9649 12070
24.968 12070
24.9712 12070
24.9743 12070
24.9775 12070
24.9806 12070
24.9838 12070
24.9869 12070
24.9901 12070
24.9932 12070
24.9964 12070
24.9995 12070
25.0027 12070
25.0058 12070
25.009 12070
25.0122 12070
25.0153 12070
25.0185 12070
25.0216 12070
25.0248 12070
25.1918 12070
25.195 12070
25.1981 12070
25.2013 12070
25.2044 12070
25.2076 12070
25.2107 12070
25.2139 12070
25.217 12070
25.2202 12070
25.2233 12070
25.2265 12070
25.2296 12070
25.2328 12070
25.2359 12070
25.2391 12070
25.2422 12070
25.2454 12070
25.2486 12070
25.2517 12070
25.2549 12070
25.258 12070
25.2612 12070
25.2643 12070
25.2675 12070
25.2706 12070
25.2738 12070
25.2769 12070
25.2801 12070
25.2832 12070
25.2864 12070
25.2895 12070
25.2927 12070
25.2958 12070
25.466 12070
25.4692 12070
25.4723 12070
25.4755 12070
25.4786 12070
25.4818 12070
25.485 12070
25.4881 12070
25.4913 12070
25.4944 12070
25.4976 12070
25.5007 12070
25.5039 12070
25.507 12070
25.5102 12070
25.5133 12070
25.5165 12070
25.5196 12070
25.5228 12070
25.5259 12070
25.5291 12070
25.5322 12070
25.5354 12070
25.5385 12070
25.5417 12070
25.5448 12070
25.548 12070
25.5511 12070
25.5543 12070
25.5574 12070
25.5606 12070
25.5638 12070
25.5669 12070
25.5701 12070
25.5732 12070
25.7403 12070
25.7434 12070
25.7466 12070
25.7497 12070
25.7529 12070
25.756 12070
25.7592 12070
25.7623 12070
25.7655 12070
25.7686 12070
25.7718 12070
25.7749 12070
25.7781 12070
25.7812 12070
25.7844 12070
25.7875 12070
25.7907 12070
25.7938 12070
25.797 12070
25.8002 12070
25.8033 12070
25.8065 12070
25.8096 12070
25.8128 12070
25.8159 12070
25.8191 12070
25.8222 12070
25.8254 12070
25.8285 12070
25.8317 12070
25.8348 12070
25.838 12070
25.8411 12070
25.8443 12070
25.8474 12070
26.0161 12070
26.0192 12070
26.0224 12070
26.0255 12070
26.0287 12070
26.0318 12070
26.035 12070
26.0381 12070
26.0413 12070
26.0444 12070
26.0476 12070
26.0507 12070
26.0539 12070
26.057 12070
26.0602 12070
26.0633 12070
26.0665 12070
26.0696 12070
26.0728 12070
26.076 12070
26.0791 12070
26.0823 12070
26.0854 12070
26.0886 12070
26.0917 12070
26.0949 12070
26.098 12070
26.1012 12070
26.1043 12070
26.1075 12070
26.1106 12070
26.1138 12070
26.1169 12070
26.1201 12070
26.1232 12070
26.295 12070
26.2982 12070
26.3013 12070
26.3045 12070
26.3076 12070
26.3108 12070
26.3139 12070
26.3171 12070
26.3202 12070
26.3234 12070
26.3265 12070
26.3297 12070
26.3328 12070
26.336 12070
26.3391 12070
26.3423 12070
26.3454 12070
26.3486 12070
26.3518 12070
26.3549 12070
26.3581 12070
26.3612 12070
26.3644 12070
26.3675 12070
26.3707 12070
26.3738 12070
26.377 12070
26.3801 12070
26.3833 12070
26.3864 12070
26.3896 12070
26.3927 12070
26.3959 12070
26.399 12070
26.4022 12070
26.5755 12070
26.5787 12070
26.5818 12070
26.585 12070
26.5882 12070
26.5913 12070
26.5945 12070
26.5976 12070
26.6008 12070
26.6039 12070
26.6071 12070
26.6102 12070
26.6134 12070
26.6165 12070
26.6197 12070
26.6228 12070
26.626 12070
26.6291 12070
26.6323 12070
26.6354 12070
26.6386 12070
26.6417 12070
26.6449 12070
26.648 12070
26.6512 12070
26.6543 12070
26.6575 12070
26.6606 12070
26.6638 12070
26.667 12070
26.6701 12070
26.6733 12070
26.6764 12070
26.6796 12070
26.6827 12070
26.8592 12070
26.8624 12070
26.8655 12070
26.8687 12070
26.8718 12070
26.875 12070
26.8781 12070
26.8813 12070
26.8844 12070
26.8876 12070
26.8907 12070
26.8939 12070
26.897 12070
26.9002 12070
26.9034 12070
26.9065 12070
26.9097 12070
26.9128 12070
26.916 12070
26.9191 12070
26.9223 12070
26.9254 12070
26.9286 12070
26.9317 12070
26.9349 12070
26.938 12070
26.9412 12070
26.9443 12070
26.9475 12070
26.9506 12070
26.9538 12070
26.9569 12070
26.9601 12070
26.9632 12070
26.9664 12070
26.9695 12070
27.1429 12070
27.1461 12070
27.1492 12070
27.1524 12070
27.1555 12070
27.1587 12070
27.1618 12070
27.165 12070
27.1681 12070
27.1713 12070
27.1744 12070
27.1776 12070
27.1807 12070
27.1839 12070
27.187 12070
27.1902 12070
27.1933 12070
27.1965 12070
27.1996 12070
27.2028 12070
27.2059 12070
27.2091 12070
27.2122 12070
27.2154 12070
27.2186 12070
27.2217 12070
27.2249 12070
27.228 12070
27.2312 12070
27.2343 12070
27.2375 12070
27.2406 12070
27.2438 12070
27.2469 12070
27.2501 12070
27.2532 12070
27.4297 12070
27.4329 12070
27.436 12070
27.4392 12070
27.4423 12070
27.4455 12070
27.4486 12070
27.4518 12070
27.455 12070
27.4581 12070
27.4613 12070
27.4644 12070
27.4676 12070
27.4707 12070
27.4739 12070
27.477 12070
27.4802 12070
27.4833 12070
27.4865 12070
27.4896 12070
27.4928 12070
27.4959 12070
27.4991 12070
27.5022 12070
27.5054 12070
27.5085 12070
27.5117 12070
27.5148 12070
27.518 12070
27.5211 12070
27.5243 12070
27.5274 12070
27.5306 12070
27.5338 12070
27.5369 12070
27.5401 12070
27.7197 12070
27.7229 12070
27.726 12070
27.7292 12070
27.7323 12070
27.7355 12070
27.7386 12070
27.7418 12070
27.7449 12070
27.7481 12070
27.7512 12070
27.7544 12070
27.7575 12070
27.7607 12070
27.7638 12070
27.767 12070
27.7702 12070
27.7733 12070
27.7765 12070
27.7796 12070
27.7828 12070
27.7859 12070
27.7891 12070
27.7922 12070
27.7954 12070
27.7985 12070
27.8017 12070
27.8048 12070
27.808 12070
27.8111 12070
27.8143 12070
27.8174 12070
27.8206 12070
27.8237 12070
27.8269 12070
27.83 12070
28.0129 12070
28.016 12070
28.0192 12070
28.0223 12070
28.0255 12070
28.0286 12070
28.0318 12070
28.0349 12070
28.0381 12070
28.0412 12070
28.0444 12070
28.0475 12070
28.0507 12070
28.0538 12070
28.057 12070
28.0601 12070
28.0633 12070
28.0664 12070
28.0696 12070
28.0727 12070
28.0759 12070
28.079 12070
28.0822 12070
28.0854 12070
28.0885 12070
28.0917 12070
28.0948 12070
28.098 12070
28.1011 12070
28.1043 12070
28.1074 12070
28.1106 12070
28.1137 12070
28.1169 12070
28.12 12070
28.1232 12070
28.3028 12070
28.306 12070
28.3091 12070
28.3123 12070
28.3154 12070
28.3186 12070
28.3218 12070
28.3249 12070
28.3281 12070
28.3312 12070
28.3344 12070
28.3375 12070
28.3407 12070
28.3438 12070
28.347 12070
28.3501 12070
28.3533 12070
28.3564 12070
28.3596 12070
28.3627 12070
28.3659 12070
28.369 12070
28.3722 12070
28.3753 12070
28.3785 12070
28.3816 12070
28.3848 12070
28.3879 12070
28.3911 12070
28.3942 12070
28.3974 12070
28.4006 12070
28.4037 12070
28.4069 12070
28.41 12070
28.4132 12070
28.4163 12070
28.5991 12070
28.6023 12070
28.6054 12070
28.6086 12070
28.6117 12070
28.6149 12070
28.618 12070
28.6212 12070
28.6243 12070
28.6275 12070
28.6306 12070
28.6338 12070
28.637 12070
28.6401 12070
28.6433 12070
28.6464 12070
28.6496 12070
28.6527 12070
28.6559 12070
28.659 12070
28.6622 12070
28.6653 12070
28.6685 12070
28.6716 12070
28.6748 12070
28.6779 12070
28.6811 12070
28.6842 12070
28.6874 12070
28.6905 12070
28.6937 12070
28.6968 12070
28.7 12070
28.7031 12070
28.7063 12070
28.7094 12070
28.7126 12070
28.8986 12070
28.9017 12070
28.9049 12070
28.908 12070
28.9112 12070
28.9143 12070
28.9175 12070
28.9206 12070
28.9238 12070
28.9269 12070
28.9301 12070
28.9332 12070
28.9364 12070
28.9395 12070
28.9427 12070
28.9458 12070
28.949 12070
28.9522 12070
28.9553 12070
28.9585 12070
28.9616 12070
28.9648 12070
28.9679 12070
28.9711 12070
28.9742 12070
28.9774 12070
28.9805 12070
28.9837 12070
28.9868 12070
28.99 12070
28.9931 12070
28.9963 12070
28.9994 12070
29.0026 12070
29.0057 12070
29.0089 12070
29.012 12070
29.2012 12070
29.2043 12070
29.2075 12070
29.2106 12070
29.2138 12070
29.2169 12070
29.2201 12070
29.2232 12070
29.2264 12070
29.2295 12070
29.2327 12070
29.2358 12070
29.239 12070
29.2421 12070
29.2453 12070
29.2484 12070
29.2516 12070
29.2547 12070
29.2579 12070
29.261 12070
29.2642 12070
29.2674 12070
29.2705 12070
29.2737 12070
29.2768 12070
29.28 12070
29.2831 12070
29.2863 12070
29.2894 12070
29.2926 12070
29.2957 12070
29.2989 12070
29.302 12070
29.3052 12070
29.3083 12070
29.3115 12070
29.3146 12070
29.5006 12070
29.5038 12070
29.5069 12070
29.5101 12070
29.5132 12070
29.5164 12070
29.5195 12070
29.5227 12070
29.5258 12070
29.529 12070
29.5321 12070
29.5353 12070
29.5384 12070
29.5416 12070
29.5447 12070
29.5479 12070
29.551 12070
29.5542 12070
29.5573 12070
29.5605 12070
29.5636 12070
29.5668 12070
29.5699 12070
29.5731 12070
29.5762 12070
29.5794 12070
29.5826 12070
29.5857 12070
29.5889 12070
29.592 12070
29.5952 12070
29.5983 12070
29.6015 12070
29.6046 12070
29.6078 12070
29.6109 12070
29.6141 12070
29.8 12070
29.8032 12070
29.8063 12070
29.8095 12070
29.8126 12070
29.8158 12070
29.819 12070
29.8221 12070
29.8253 12070
29.8284 12070
29.8316 12070
29.8347 12070
29.8379 12070
29.841 12070
29.8442 12070
29.8473 12070
29.8505 12070
29.8536 12070
29.8568 12070
29.8599 12070
29.8631 12070
29.8662 12070
29.8694 12070
29.8725 12070
29.8757 12070
29.8788 12070
29.882 12070
29.8851 12070
29.8883 12070
29.8914 12070
29.8946 12070
29.8978 12070
29.9009 12070
29.9041 12070
29.9072 12070
29.9104 12070
29.9135 12070
29.9167 12070
30.1058 12070
30.1089 12070
30.1121 12070
30.1152 12070
30.1184 12070
30.1215 12070
30.1247 12070
30.1278 12070
30.131 12070
30.1342 12070
30.1373 12070
30.1405 12070
30.1436 12070
30.1468 12070
30.1499 12070
30.1531 12070
30.1562 12070
30.1594 12070
30.1625 12070
30.1657 12070
30.1688 12070
30.172 12070
30.1751 12070
30.1783 12070
30.1814 12070
30.1846 12070
30.1877 12070
30.1909 12070
30.194 12070
30.1972 12070
30.2003 12070
30.2035 12070
30.2066 12070
30.2098 12070
30.213 12070
30.2161 12070
30.2193 12070
30.2224 12070
30.4147 12070
30.4178 12070
30.421 12070
30.4241 12070
30.4273 12070
30.4304 12070
30.4336 12070
30.4367 12070
30.4399 12070
30.443 12070
30.4462 12070
30.4494 12070
30.4525 12070
30.4557 12070
30.4588 12070
30.462 12070
30.4651 12070
30.4683 12070
30.4714 12070
30.4746 12070
30.4777 12070
30.4809 12070
30.484 12070
30.4872 12070
30.4903 12070
30.4935 12070
30.4966 12070
30.4998 12070
30.5029 12070
30.5061 12070
30.5092 12070
30.5124 12070
30.5155 12070
30.5187 12070
30.5218 12070
30.525 12070
30.5282 12070
30.5313 12070
30.7267 12070
30.7299 12070
30.733 12070
30.7362 12070
30.7393 12070
30.7425 12070
30.7456 12070
30.7488 12070
30.7519 12070
30.7551 12070
30.7582 12070
30.7614 12070
30.7646 12070
30.7677 12070
30.7709 12070
30.774 12070
30.7772 12070
30.7803 12070
30.7835 12070
30.7866 12070
30.7898 12070
30.7929 12070
30.7961 12070
30.7992 12070
30.8024 12070
30.8055 12070
30.8087 12070
30.8118 12070
30.815 12070
30.8181 12070
30.8213 12070
30.8244 12070
30.8276 12070
30.8307 12070
30.8339 12070
30.837 12070
30.8402 12070
30.8434 12070
31.0356 12070
31.0388 12070
31.0419 12070
31.0451 12070
31.0482 12070
31.0514 12070
31.0545 12070
31.0577 12070
31.0608 12070
31.064 12070
31.0671 12070
31.0703 12070
31.0734 12070
31.0766 12070
31.0798 12070
31.0829 12070
31.0861 12070
31.0892 12070
31.0924 12070
31.0955 12070
31.0987 12070
31.1018 12070
31.105 12070
31.1081 12070
31.1113 12070
31.1144 12070
31.1176 12070
31.1207 12070
31.1239 12070
31.127 12070
31.1302 12070
31.1333 12070
31.1365 12070
31.1396 12070
31.1428 12070
31.1459 12070
31.1491 12070
31.1522 12070
31.1554 12070
31.3492 12070
31.3524 12070
31.3556 12070
31.3587 12070
31.3619 12070
31.365 12070
31.3682 12070
31.3713 12070
31.3745 12070
31.3776 12070
31.3808 12070
31.3839 12070
31.3871 12070
31.3902 12070
31.3934 12070
31.3965 12070
31.3997 12070
31.4028 12070
31.406 12070
31.4091 12070
31.4123 12070
31.4154 12070
31.4186 12070
31.4217 12070
31.4249 12070
31.428 12070
31.4312 12070
31.4344 12070
31.4375 12070
31.4407 12070
31.4438 12070
31.447 12070
31.4501 12070
31.4533 12070
31.4564 12070
31.4596 12070
31.4627 12070
31.4659 12070
31.469 12070
31.666 12070
31.6692 12070
31.6723 12070
31.6755 12070
31.6786 12070
31.6818 12070
31.6849 12070
31.6881 12070
31.6912 12070
31.6944 12070
31.6975 12070
31.7007 12070
31.7038 12070
31.707 12070
31.7102 12070
31.7133 12070
31.7165 12070
31.7196 12070
31.7228 12070
31.7259 12070
31.7291 12070
31.7322 12070
31.7354 12070
31.7385 12070
31.7417 12070
31.7448 12070
31.748 12070
31.7511 12070
31.7543 12070
31.7574 12070
31.7606 12070
31.7637 12070
31.7669 12070
31.77 12070
31.7732 12070
31.7763 12070
31.7795 12070
31.7826 12070
31.7858 12070
31.986 12070
31.9891 12070
31.9923 12070
31.9954 12070
31.9986 12070
32.0017 12070
32.0049 12070
32.008 12070
32.0112 12070
32.0143 12070
32.0175 12070
32.0206 12070
32.0238 12070
32.0269 12070
32.0301 12070
32.0332 12070
32.0364 12070
32.0395 12070
32.0427 12070
32.0458 12070
32.049 12070
32.0521 12070
32.0553 12070
32.0584 12070
32.0616 12070
32.0648 12070
32.0679 12070
32.0711 12070
32.0742 12070
32.0774 12070
32.0805 12070
32.0837 12070
32.0868 12070
32.09 12070
32.0931 12070
32.0963 12070
32.0994 12070
32.1026 12070
32.1057 12070
32.3059 12070
32.309 12070
32.3122 12070
32.3153 12070
32.3185 12070
32.3216 12070
32.3248 12070
32.3279 12070
32.3311 12070
32.3342 12070
32.3374 12070
32.3406 12070
32.3437 12070
32.3469 12070
32.35 12070
32.3532 12070
32.3563 12070
32.3595 12070
32.3626 12070
32.3658 12070
32.3689 12070
32.3721 12070
32.3752 12070
32.3784 12070
32.3815 12070
32.3847 12070
32.3878 12070
32.391 12070
32.3941 12070
32.3973 12070
32.4004 12070
32.4036 12070
32.4067 12070
32.4099 12070
32.413 12070
32.4162 12070
32.4194 12070
32.4225 12070
32.4257 12070
32.6258 12070
32.629 12070
32.6321 12070
32.6353 12070
32.6384 12070
32.6416 12070
32.6447 12070
32.6479 12070
32.651 12070
32.6542 12070
32.6573 12070
32.6605 12070
32.6636 12070
32.6668 12070
32.6699 12070
32.6731 12070
32.6762 12070
32.6794 12070
32.6825 12070
32.6857 12070
32.6888 12070
32.692 12070
32.6952 12070
32.6983 12070
32.7015 12070
32.7046 12070
32.7078 12070
32.7109 12070
32.7141 12070
32.7172 12070
32.7204 12070
32.7235 12070
32.7267 12070
32.7298 12070
32.733 12070
32.7361 12070
32.7393 12070
32.7424 12070
32.7456 12070
32.7487 12070
32.9505 12070
32.9536 12070
32.9568 12070
32.9599 12070
32.9631 12070
32.9662 12070
32.9694 12070
32.9725 12070
32.9757 12070
32.9788 12070
32.982 12070
32.9851 12070
32.9883 12070
32.9914 12070
32.9946 12070
32.9977 12070
33.0009 12070
33.004 12070
33.0072 12070
33.0104 12070
33.0135 12070
33.0167 12070
33.0198 12070
33.023 12070
33.0261 12070
33.0293 12070
33.0324 12070
33.0356 12070
33.0387 12070
33.0419 12070
33.045 12070
33.0482 12070
33.0513 12070
33.0545 12070
33.0576 12070
33.0608 12070
33.0639 12070
33.0671 12070
33.0702 12070
33.0734 12070
33.2767 12070
33.2798 12070
33.283 12070
33.2862 12070
33.2893 12070
33.2925 12070
33.2956 12070
33.2988 12070
33.3019 12070
33.3051 12070
33.3082 12070
33.3114 12070
33.3145 12070
33.3177 12070
33.3208 12070
33.324 12070
33.3271 12070
33.3303 12070
33.3334 12070
33.3366 12070
33.3397 12070
33.3429 12070
33.346 12070
33.3492 12070
33.3523 12070
33.3555 12070
33.3586 12070
33.3618 12070
33.365 12070
33.3681 12070
33.3713 12070
33.3744 12070
33.3776 12070
33.3807 12070
33.3839 12070
33.387 12070
33.3902 12070
33.3933 12070
33.3965 12070
33.3996 12070
33.6012 12070
33.6077 12070
33.6108 12070
33.614 12070
33.6171 12070
33.6203 12070
33.6234 12070
33.6266 12070
33.6297 12070
33.6329 12070
33.636 12070
33.6392 12070
33.6423 12070
33.6455 12070
33.6486 12070
33.6518 12070
33.6549 12070
33.6581 12070
33.6612 12070
33.6644 12070
33.6675 12070
33.6707 12070
33.6738 12070
33.677 12070
33.6802 12070
33.6833 12070
33.6865 12070
33.6896 12070
33.6928 12070
33.6959 12070
33.6991 12070
33.7022 12070
33.7054 12070
33.7085 12070
33.7117 12070
33.7148 12070
33.718 12070
33.7211 12070
33.7243 12070
33.7274 12070
33.7306 12070
33.937 12070
33.9402 12070
33.9433 12070
33.9465 12070
33.9496 12070
33.9528 12070
33.956 12070
33.9591 12070
33.9623 12070
33.9654 12070
33.9686 12070
33.9717 12070
33.9749 12070
33.978 12070
33.9812 12070
33.9843 12070
33.9875 12070
33.9906 12070
33.9938 12070
33.9969 12070
34.0001 12070
34.0032 12070
34.0064 12070
34.0095 12070
34.0127 12070
34.0158 12070
34.019 12070
34.0221 12070
34.0253 12070
34.0284 12070
34.0316 12070
34.0348 12070
34.0379 12070
34.0411 12070
34.0442 12070
34.0474 12070
34.0505 12070
34.0537 12070
34.0568 12070
34.06 12070
34.0631 12070
34.2696 12070
34.2727 12070
34.2759 12070
34.279 12070
34.2822 12070
34.2853 12070
34.2885 12070
34.2916 12070
34.2948 12070
34.2979 12070
34.3011 12070
34.3042 12070
34.3074 12070
34.3106 12070
34.3137 12070
34.3169 12070
34.32 12070
34.3232 12070
34.3263 12070
34.3295 12070
34.3326 12070
34.3358 12070
34.3389 12070
34.3421 12070
34.3452 12070
34.3484 12070
34.3515 12070
34.3547 12070
34.3578 12070
34.361 12070
34.3641 12070
34.3673 12070
34.3704 12070
34.3736 12070
34.3767 12070
34.3799 12070
34.383 12070
34.3862 12070
34.3894 12070
34.3925 12070
34.3957 12070
34.6053 12070
34.6084 12070
34.6116 12070
34.6147 12070
34.6179 12070
34.621 12070
34.6242 12070
34.6273 12070
34.6305 12070
34.6336 12070
34.6368 12070
34.6399 12070
34.6431 12070
34.6462 12070
34.6494 12070
34.6525 12070
34.6557 12070
34.6588 12070
34.662 12070
34.6652 12070
34.6683 12070
34.6715 12070
34.6746 12070
34.6778 12070
34.6809 12070
34.6841 12070
34.6872 12070
34.6904 12070
34.6935 12070
34.6967 12070
34.6998 12070
34.703 12070
34.7061 12070
34.7093 12070
34.7124 12070
34.7156 12070
34.7187 12070
34.7219 12070
34.725 12070
34.7282 12070
34.7313 12070
34.9329 12070
34.9425 12070
34.9457 12070
34.9488 12070
34.952 12070
34.9551 12070
34.9583 12070
34.9614 12070
34.9646 12070
34.9677 12070
34.9709 12070
34.974 12070
34.9772 12070
34.9804 12070
34.9835 12070
34.9867 12070
34.9898 12070
34.993 12070
34.9961 12070
34.9993 12070
35.0024 12070
35.0056 12070
35.0087 12070
35.0119 12070
35.015 12070
35.0182 12070
35.0213 12070
35.0245 12070
35.0276 12070
35.0308 12070
35.0339 12070
35.0371 12070
35.0402 12070
35.0434 12070
35.0465 12070
35.0497 12070
35.0528 12070
35.056 12070
35.0592 12070
35.0623 12070
35.0655 12070
35.0686 12070
35.1726 12070
35.1758 12070
35.1789 12070
35.1821 12070
35.1852 12070
35.1884 12070
35.1915 12070
35.1947 12070
35.1978 12070
35.201 12070
35.2041 12070
35.2073 12070
35.2104 12070
35.2136 12070
35.2168 12070
35.2199 12070
35.2231 12070
35.2262 12070
35.2294 12070
35.2325 12070
35.2357 12070
35.2388 12070
35.242 12070
35.2451 12070
35.2483 12070
35.2514 12070
35.2546 12070
35.2577 12070
35.2609 12070
35.264 12070
35.2672 12070
35.2703 12070
35.2735 12070
35.2766 12070
35.2798 12070
35.2829 12070
35.2861 12070
35.2892 12070
35.2924 12070
35.2956 12070
35.2987 12070
35.3019 12070
35.4043 12070
35.4074 12070
35.4106 12070
35.4138 12070
35.4169 12070
35.4201 12070
35.4232 12070
35.4264 12070
35.4295 12070
35.4327 12070
35.4358 12070
35.439 12070
35.4421 12070
35.4453 12070
35.4484 12070
35.4516 12070
35.4547 12070
35.4579 12070
35.461 12070
35.4642 12070
35.4673 12070
35.4705 12070
35.4736 12070
35.4768 12070
35.4799 12070
35.4831 12070
35.4862 12070
35.4894 12070
35.4926 12070
35.4957 12070
35.4989 12070
35.502 12070
35.5052 12070
35.5083 12070
35.5115 12070
35.5146 12070
35.5178 12070
35.5209 12070
35.5241 12070
35.5272 12070
35.5304 12070
35.5335 12070
35.636 12070
35.6391 12070
35.6423 12070
35.6454 12070
35.6486 12070
35.6517 12070
35.6549 12070
35.658 12070
35.6612 12070
35.6643 12070
35.6675 12070
35.6706 12070
35.6738 12070
35.6769 12070
35.6801 12070
35.6832 12070
35.6864 12070
35.6896 12070
35.6927 12070
35.6959 12070
35.699 12070
35.7022 12070
35.7053 12070
35.7085 12070
35.7116 12070
35.7148 12070
35.7179 12070
35.7211 12070
35.7242 12070
35.7274 12070
35.7305 12070
35.7337 12070
35.7368 12070
35.74 12070
35.7431 12070
35.7463 12070
35.7494 12070
35.7526 12070
35.7557 12070
35.7589 12070
35.762 12070
35.7652 12070
35.8708 12070
35.8739 12070
35.8771 12070
35.8802 12070
35.8834 12070
35.8866 12070
35.8897 12070
35.8929 12070
35.896 12070
35.8992 12070
35.9023 12070
35.9055 12070
35.9086 12070
35.9118 12070
35.9149 12070
35.9181 12070
35.9212 12070
35.9244 12070
35.9275 12070
35.9307 12070
35.9338 12070
35.937 12070
35.9401 12070
35.9433 12070
35.9464 12070
35.9496 12070
35.9527 12070
35.9559 12070
35.959 12070
35.9622 12070
35.9654 12070
35.9685 12070
35.9717 12070
35.9748 12070
35.978 12070
35.9811 12070
35.9843 12070
35.9874 12070
35.9906 12070
35.9937 12070
35.9969 12070
36 12070
36.1072 12070
36.1103 12070
36.1135 12070
36.1166 12070
36.1198 12070
36.123 12070
36.1261 12070
36.1293 12070
36.1324 12070
36.1356 12070
36.1387 12070
36.1419 12070
36.145 12070
36.1482 12070
36.1513 12070
36.1545 12070
36.1576 12070
36.1608 12070
36.1639 12070
36.1671 12070
36.1702 12070
36.1734 12070
36.1765 12070
36.1797 12070
36.1828 12070
36.186 12070
36.1891 12070
36.1923 12070
36.1954 12070
36.1986 12070
36.2018 12070
36.2049 12070
36.2081 12070
36.2112 12070
36.2144 12070
36.2175 12070
36.2207 12070
36.2238 12070
36.227 12070
36.2301 12070
36.2333 12070
36.2364 12070
36.3467 12070
36.3499 12070
36.353 12070
36.3562 12070
36.3594 12070
36.3625 12070
36.3657 12070
36.3688 12070
36.372 12070
36.3751 12070
36.3783 12070
36.3814 12070
36.3846 12070
36.3877 12070
36.3909 12070
36.394 12070
36.3972 12070
36.4003 12070
36.4035 12070
36.4066 12070
36.4098 12070
36.4129 12070
36.4161 12070
36.4192 12070
36.4224 12070
36.4255 12070
36.4287 12070
36.4318 12070
36.435 12070
36.4382 12070
36.4413 12070
36.4445 12070
36.4476 12070
36.4508 12070
36.4539 12070
36.4571 12070
36.4602 12070
36.4634 12070
36.4665 12070
36.4697 12070
36.4728 12070
36.476 12070
36.4791 12070
36.5863 12070
36.5894 12070
36.5926 12070
36.5958 12070
36.5989 12070
36.6021 12070
36.6052 12070
36.6084 12070
36.6115 12070
36.6147 12070
36.6178 12070
36.621 12070
36.6241 12070
36.6273 12070
36.6304 12070
36.6336 12070
36.6367 12070
36.6399 12070
36.643 12070
36.6462 12070
36.6493 12070
36.6525 12070
36.6556 12070
36.6588 12070
36.6619 12070
36.6651 12070
36.6682 12070
36.6714 12070
36.6746 12070
36.6777 12070
36.6809 12070
36.684 12070
36.6872 12070
36.6903 12070
36.6935 12070
36.6966 12070
36.6998 12070
36.7029 12070
36.7061 12070
36.7092 12070
36.7124 12070
36.7155 12070
36.7187 12070
36.829 12070
36.8322 12070
36.8353 12070
36.8385 12070
36.8416 12070
36.8448 12070
36.8479 12070
36.8511 12070
36.8542 12070
36.8574 12070
36.8605 12070
36.8637 12070
36.8668 12070
36.87 12070
36.8731 12070
36.8763 12070
36.8794 12070
36.8826 12070
36.8857 12070
36.8889 12070
36.892 12070
36.8952 12070
36.8983 12070
36.9015 12070
36.9046 12070
36.9078 12070
36.911 12070
36.9141 12070
36.9173 12070
36.9204 12070
36.9236 12070
36.9267 12070
36.9299 12070
36.933 12070
36.9362 12070
36.9393 12070
36.9425 12070
36.9456 12070
36.9488 12070
36.9519 12070
36.9551 12070
36.9582 12070
36.9614 12070
37.0749 12070
37.078 12070
37.0812 12070
37.0843 12070
37.0875 12070
37.0906 12070
37.0938 12070
37.0969 12070
37.1001 12070
37.1032 12070
37.1064 12070
37.1095 12070
37.1127 12070
37.1158 12070
37.119 12070
37.1221 12070
37.1253 12070
37.1284 12070
37.1316 12070
37.1347 12070
37.1379 12070
37.141 12070
37.1442 12070
37.1474 12070
37.1505 12070
37.1537 12070
37.1568 12070
37.16 12070
37.1631 12070
37.1663 12070
37.1694 12070
37.1726 12070
37.1757 12070
37.1789 12070
37.182 12070
37.1852 12070
37.1883 12070
37.1915 12070
37.1946 12070
37.1978 12070
37.2009 12070
37.2041 12070
37.2072 12070
37.3239 12070
37.327 12070
37.3302 12070
37.3333 12070
37.3365 12070
37.3396 12070
37.3428 12070
37.3459 12070
37.3491 12070
37.3522 12070
37.3554 12070
37.3585 12070
37.3617 12070
37.3648 12070
37.368 12070
37.3711 12070
37.3743 12070
37.3774 12070
37.3806 12070
37.3838 12070
37.3869 12070
37.3901 12070
37.3932 12070
37.3964 12070
37.3995 12070
37.4027 12070
37.4058 12070
37.409 12070
37.4121 12070
37.4153 12070
37.4184 12070
37.4216 12070
37.4247 12070
37.4279 12070
37.431 12070
37.4342 12070
37.4373 12070
37.4405 12070
37.4436 12070
37.4468 12070
37.4499 12070
37.4531 12070
37.4562 12070
37.5697 12070
37.5729 12070
37.576 12070
37.5792 12070
37.5823 12070
37.5855 12070
37.5886 12070
37.5918 12070
37.5949 12070
37.5981 12070
37.6012 12070
37.6044 12070
37.6075 12070
37.6107 12070
37.6138 12070
37.617 12070
37.6202 12070
37.6233 12070
37.6265 12070
37.6296 12070
37.6328 12070
37.6359 12070
37.6391 12070
37.6422 12070
37.6454 12070
37.6485 12070
37.6517 12070
37.6548 12070
37.658 12070
37.6611 12070
37.6643 12070
37.6674 12070
37.6706 12070
37.6737 12070
37.6769 12070
37.68 12070
37.6832 12070
37.6863 12070
37.6895 12070
37.6926 12070
37.6958 12070
37.699 12070
37.7021 12070
37.7053 12070
37.8219 12070
37.825 12070
37.8282 12070
37.8313 12070
37.8345 12070
37.8376 12070
37.8408 12070
37.8439 12070
37.8471 12070
37.8502 12070
37.8534 12070
37.8566 12070
37.8597 12070
37.8629 12070
37.866 12070
37.8692 12070
37.8723 12070
37.8755 12070
37.8786 12070
37.8818 12070
37.8849 12070
37.8881 12070
37.8912 12070
37.8944 12070
37.8975 12070
37.9007 12070
37.9038 12070
37.907 12070
37.9101 12070
37.9133 12070
37.9164 12070
37.9196 12070
37.9227 12070
37.9259 12070
37.929 12070
37.9322 12070
37.9354 12070
37.9385 12070
37.9417 12070
37.9448 12070
37.948 12070
37.9511 12070
37.9543 12070
37.9574 12070
38.0772 12070
38.0803 12070
38.0835 12070
38.0866 12070
38.0898 12070
38.093 12070
38.0961 12070
38.0993 12070
38.1024 12070
38.1056 12070
38.1087 12070
38.1119 12070
38.115 12070
38.1182 12070
38.1213 12070
38.1245 12070
38.1276 12070
38.1308 12070
38.1339 12070
38.1371 12070
38.1402 12070
38.1434 12070
38.1465 12070
38.1497 12070
38.1528 12070
38.156 12070
38.1591 12070
38.1623 12070
38.1654 12070
38.1686 12070
38.1718 12070
38.1749 12070
38.1781 12070
38.1812 12070
38.1844 12070
38.1875 12070
38.1907 12070
38.1938 12070
38.197 12070
38.2001 12070
38.2033 12070
38.2064 12070
38.2096 12070
38.2127 12070
38.3341 12070
38.3372 12070
38.3404 12070
38.3435 12070
38.3467 12070
38.3498 12070
38.353 12070
38.3561 12070
38.3593 12070
38.3624 12070
38.3656 12070
38.3688 12070
38.3719 12070
38.3751 12070
38.3782 12070
38.3814 12070
38.3845 12070
38.3877 12070
38.3908 12070
38.394 12070
38.3971 12070
38.4003 12070
38.4034 12070
38.4066 12070
38.4097 12070
38.4129 12070
38.416 12070
38.4192 12070
38.4223 12070
38.4255 12070
38.4286 12070
38.4318 12070
38.4349 12070
38.4381 12070
38.4412 12070
38.4444 12070
38.4476 12070
38.4507 12070
38.4539 12070
38.457 12070
38.4602 12070
38.4633 12070
38.4665 12070
38.4696 12070
38.591 12070
38.5941 12070
38.5973 12070
38.6004 12070
38.6036 12070
38.6067 12070
38.6099 12070
38.613 12070
38.6162 12070
38.6193 12070
38.6225 12070
38.6256 12070
38.6288 12070
38.6319 12070
38.6351 12070
38.6382 12070
38.6414 12070
38.6446 12070
38.6477 12070
38.6509 12070
38.654 12070
38.6572 12070
38.6603 12070
38.6635 12070
38.6666 12070
38.6698 12070
38.6729 12070
38.6761 12070
38.6792 12070
38.6824 12070
38.6855 12070
38.6887 12070
38.6918 12070
38.695 12070
38.6981 12070
38.7013 12070
38.7044 12070
38.7076 12070
38.7107 12070
38.7139 12070
38.717 12070
38.7202 12070
38.7234 12070
38.7265 12070
38.8479 12070
38.851 12070
38.8542 12070
38.8573 12070
38.8605 12070
38.8636 12070
38.8668 12070
38.8699 12070
38.8731 12070
38.8762 12070
38.8794 12070
38.8825 12070
38.8857 12070
38.8888 12070
38.892 12070
38.8951 12070
38.8983 12070
38.9014 12070
38.9046 12070
38.9077 12070
38.9109 12070
38.914 12070
38.9172 12070
38.9204 12070
38.9235 12070
38.9267 12070
38.9298 12070
38.933 12070
38.9361 12070
38.9393 12070
38.9424 12070
38.9456 12070
38.9487 12070
38.9519 12070
38.955 12070
38.9582 12070
38.9613 12070
38.9645 12070
38.9676 12070
38.9708 12070
38.9739 12070
38.9771 12070
38.9802 12070
38.9834 12070
38.9865 12070
39.111 12070
39.1142 12070
39.1174 12070
39.1205 12070
39.1237 12070
39.1268 12070
39.13 12070
39.1331 12070
39.1363 12070
39.1394 12070
39.1426 12070
39.1457 12070
39.1489 12070
39.152 12070
39.1552 12070
39.1583 12070
39.1615 12070
39.1646 12070
39.1678 12070
39.1709 12070
39.1741 12070
39.1772 12070
39.1804 12070
39.1835 12070
39.1867 12070
39.1898 12070
39.193 12070
39.1962 12070
39.1993 12070
39.2025 12070
39.2056 12070
39.2088 12070
39.2119 12070
39.2151 12070
39.2182 12070
39.2214 12070
39.2245 12070
39.2277 12070
39.2308 12070
39.234 12070
39.2371 12070
39.2403 12070
39.2434 12070
39.2466 12070
39.2497 12070
39.3758 12070
39.379 12070
39.3821 12070
39.3853 12070
39.3884 12070
39.3916 12070
39.3947 12070
39.3979 12070
39.401 12070
39.4042 12070
39.4073 12070
39.4105 12070
39.4136 12070
39.4168 12070
39.4199 12070
39.4231 12070
39.4262 12070
39.4294 12070
39.4326 12070
39.4357 12070
39.4389 12070
39.442 12070
39.4452 12070
39.4483 12070
39.4515 12070
39.4546 12070
39.4578 12070
39.4609 12070
39.4641 12070
39.4672 12070
39.4704 12070
39.4735 12070
39.4767 12070
39.4798 12070
39.483 12070
39.4861 12070
39.4893 12070
39.4924 12070
39.4956 12070
39.4987 12070
39.5019 12070
39.505 12070
39.5082 12070
39.5114 12070
39.5145 12070
39.6437 12070
39.6469 12070
39.65 12070
39.6532 12070
39.6563 12070
39.6595 12070
39.6626 12070
39.6658 12070
39.669 12070
39.6721 12070
39.6753 12070
39.6784 12070
39.6816 12070
39.6847 12070
39.6879 12070
39.691 12070
39.6942 12070
39.6973 12070
39.7005 12070
39.7036 12070
39.7068 12070
39.7099 12070
39.7131 12070
39.7162 12070
39.7194 12070
39.7225 12070
39.7257 12070
39.7288 12070
39.732 12070
39.7351 12070
39.7383 12070
39.7414 12070
39.7446 12070
39.7478 12070
39.7509 12070
39.7541 12070
39.7572 12070
39.7604 12070
39.7635 12070
39.7667 12070
39.7698 12070
39.773 12070
39.7761 12070
39.7793 12070
39.7824 12070
39.9085 12070
39.9117 12070
39.9148 12070
39.918 12070
39.9211 12070
39.9243 12070
39.9274 12070
39.9306 12070
39.9337 12070
39.9369 12070
39.94 12070
39.9432 12070
39.9463 12070
39.9495 12070
39.9526 12070
39.9558 12070
39.9589 12070
39.9621 12070
39.9652 12070
39.9684 12070
39.9715 12070
39.9747 12070
39.9778 12070
39.981 12070
39.9842 12070
39.9873 12070
39.9905 12070
39.9936 12070
39.9968 12070
39.9999 12070
40.0031 12070
40.0062 12070
40.0094 12070
40.0125 12070
40.0157 12070
40.0188 12070
40.022 12070
40.0251 12070
40.0283 12070
40.0314 12070
40.0346 12070
40.0377 12070
40.0409 12070
40.044 12070
40.0472 12070
40.1764 12070
40.1796 12070
40.1827 12070
40.1859 12070
40.189 12070
40.1922 12070
40.1953 12070
40.1985 12070
40.2016 12070
40.2048 12070
40.2079 12070
40.2111 12070
40.2142 12070
40.2174 12070
40.2206 12070
40.2237 12070
40.2269 12070
40.23 12070
40.2332 12070
40.2363 12070
40.2395 12070
40.2426 12070
40.2458 12070
40.2489 12070
40.2521 12070
40.2552 12070
40.2584 12070
40.2615 12070
40.2647 12070
40.2678 12070
40.271 12070
40.2741 12070
40.2773 12070
40.2804 12070
40.2836 12070
40.2867 12070
40.2899 12070
40.293 12070
40.2962 12070
40.2994 12070
40.3025 12070
40.3057 12070
40.3088 12070
40.312 12070
40.3151 12070
40.3183 12070
40.4506 12070
40.4538 12070
40.457 12070
40.4601 12070
40.4633 12070
40.4664 12070
40.4696 12070
40.4727 12070
40.4759 12070
40.479 12070
40.4822 12070
40.4853 12070
40.4885 12070
40.4916 12070
40.4948 12070
40.4979 12070
40.5011 12070
40.5042 12070
40.5074 12070
40.5105 12070
40.5137 12070
40.5168 12070
40.52 12070
40.5231 12070
40.5263 12070
40.5294 12070
40.5326 12070
40.5358 12070
40.5389 12070
40.5421 12070
40.5452 12070
40.5484 12070
40.5515 12070
40.5547 12070
40.5578 12070
40.561 12070
40.5641 12070
40.5673 12070
40.5704 12070
40.5736 12070
40.5767 12070
40.5799 12070
40.583 12070
40.5862 12070
40.5893 12070
40.5925 12070
40.7264 12070
40.7296 12070
40.7328 12070
40.7359 12070
40.7391 12070
40.7422 12070
40.7454 12070
40.7485 12070
40.7517 12070
40.7548 12070
40.758 12070
40.7611 12070
40.7643 12070
40.7674 12070
40.7706 12070
40.7737 12070
40.7769 12070
40.78 12070
40.7832 12070
40.7863 12070
40.7895 12070
40.7926 12070
40.7958 12070
40.7989 12070
40.8021 12070
40.8052 12070
40.8084 12070
40.8116 12070
40.8147 12070
40.8179 12070
40.821 12070
40.8242 12070
40.8273 12070
40.8305 12070
40.8336 12070
40.8368 12070
40.8399 12070
40.8431 12070
40.8462 12070
40.8494 12070
40.8525 12070
40.8557 12070
40.8588 12070
40.862 12070
40.8651 12070
40.8683 12070
41.0022 12070
41.0054 12070
41.0086 12070
41.0117 12070
41.0149 12070
41.018 12070
41.0212 12070
41.0243 12070
41.0275 12070
41.0306 12070
41.0338 12070
41.0369 12070
41.0401 12070
41.0432 12070
41.0464 12070
41.0495 12070
41.0527 12070
41.0558 12070
41.059 12070
41.0621 12070
41.0653 12070
41.0684 12070
41.0716 12070
41.0747 12070
41.0779 12070
41.081 12070
41.0842 12070
41.0874 12070
41.0905 12070
41.0937 12070
41.0968 12070
41.1 12070
41.1031 12070
41.1063 12070
41.1094 12070
41.1126 12070
41.1157 12070
41.1189 12070
41.122 12070
41.1252 12070
41.1283 12070
41.1315 12070
41.1346 12070
41.1378 12070
41.1409 12070
41.1441 12070
41.278 12070
41.2812 12070
41.2844 12070
41.2875 12070
41.2907 12070
41.2938 12070
41.297 12070
41.3001 12070
41.3033 12070
41.3064 12070
41.3096 12070
41.3127 12070
41.3159 12070
41.319 12070
41.3222 12070
41.3253 12070
41.3285 12070
41.3316 12070
41.3348 12070
41.3379 12070
41.3411 12070
41.3442 12070
41.3474 12070
41.3505 12070
41.3537 12070
41.3568 12070
41.36 12070
41.3632 12070
41.3663 12070
41.3695 12070
41.3726 12070
41.3758 12070
41.3789 12070
41.3821 12070
41.3852 12070
41.3884 12070
41.3915 12070
41.3947 12070
41.3978 12070
41.401 12070
41.4041 12070
41.4073 12070
41.4104 12070
41.4136 12070
41.4167 12070
41.4199 12070
41.557 12070
41.5602 12070
41.5633 12070
41.5665 12070
41.5696 12070
41.5728 12070
41.5759 12070
41.5791 12070
41.5822 12070
41.5854 12070
41.5885 12070
41.5917 12070
41.5948 12070
41.598 12070
41.6011 12070
41.6043 12070
41.6074 12070
41.6106 12070
41.6137 12070
41.6169 12070
41.62 12070
41.6232 12070
41.6263 12070
41.6295 12070
41.6326 12070
41.6358 12070
41.639 12070
41.6421 12070
41.6453 12070
41.6484 12070
41.6516 12070
41.6547 12070
41.6579 12070
41.661 12070
41.6642 12070
41.6673 12070
41.6705 12070
41.6736 12070
41.6768 12070
41.6799 12070
41.6831 12070
41.6862 12070
41.6894 12070
41.6925 12070
41.6957 12070
41.6988 12070
41.702 12070
41.8423 12070
41.8454 12070
41.8486 12070
41.8517 12070
41.8549 12070
41.858 12070
41.8612 12070
41.8643 12070
41.8675 12070
41.8706 12070
41.8738 12070
41.8769 12070
41.8801 12070
41.8832 12070
41.8864 12070
41.8895 12070
41.8927 12070
41.8958 12070
41.899 12070
41.9021 12070
41.9053 12070
41.9084 12070
41.9116 12070
41.9148 12070
41.9179 12070
41.9211 12070
41.9242 12070
41.9274 12070
41.9305 12070
41.9337 12070
41.9368 12070
41.94 12070
41.9431 12070
41.9463 12070
41.9494 12070
41.9526 12070
41.9557 12070
41.9589 12070
41.962 12070
41.9652 12070
41.9683 12070
41.9715 12070
41.9746 12070
41.9778 12070
41.9809 12070
41.9841 12070
41.9872 12070
42.1275 12070
42.1307 12070
42.1338 12070
42.137 12070
42.1401 12070
42.1433 12070
42.1464 12070
42.1496 12070
42.1527 12070
42.1559 12070
42.159 12070
42.1622 12070
42.1653 12070
42.1685 12070
42.1716 12070
42.1748 12070
42.1779 12070
42.1811 12070
42.1842 12070
42.1874 12070
42.1906 12070
42.1937 12070
42.1969 12070
42.2 12070
42.2032 12070
42.2063 12070
42.2095 12070
42.2126 12070
42.2158 12070
42.2189 12070
42.2221 12070
42.2252 12070
42.2284 12070
42.2315 12070
42.2347 12070
42.2378 12070
42.241 12070
42.2441 12070
42.2473 12070
42.2504 12070
42.2536 12070
42.2567 12070
42.2599 12070
42.263 12070
42.2662 12070
42.2694 12070
42.2725 12070
42.4112 12070
42.4143 12070
42.4175 12070
42.4206 12070
42.4238 12070
42.427 12070
42.4301 12070
42.4333 12070
42.4364 12070
42.4396 12070
42.4427 12070
42.4459 12070
42.449 12070
42.4522 12070
42.4553 12070
42.4585 12070
42.4616 12070
42.4648 12070
42.4679 12070
42.4711 12070
42.4742 12070
42.4774 12070
42.4805 12070
42.4837 12070
42.4868 12070
42.49 12070
42.4931 12070
42.4963 12070
42.4994 12070
42.5026 12070
42.5058 12070
42.5089 12070
42.5121 12070
42.5152 12070
42.5184 12070
42.5215 12070
42.5247 12070
42.5278 12070
42.531 12070
42.5341 12070
42.5373 12070
42.5404 12070
42.5436 12070
42.5467 12070
42.5499 12070
42.553 12070
42.5562 12070
42.698 12070
42.7012 12070
42.7043 12070
42.7075 12070
42.7106 12070
42.7138 12070
42.7169 12070
42.7201 12070
42.7232 12070
42.7264 12070
42.7295 12070
42.7327 12070
42.7358 12070
42.739 12070
42.7422 12070
42.7453 12070
42.7485 12070
42.7516 12070
42.7548 12070
42.7579 12070
42.7611 12070
42.7642 12070
42.7674 12070
42.7705 12070
42.7737 12070
42.7768 12070
42.78 12070
42.7831 12070
42.7863 12070
42.7894 12070
42.7926 12070
42.7957 12070
42.7989 12070
42.802 12070
42.8052 12070
42.8083 12070
42.8115 12070
42.8146 12070
42.8178 12070
42.821 12070
42.8241 12070
42.8273 12070
42.8304 12070
42.8336 12070
42.8367 12070
42.8399 12070
42.843 12070
42.988 12070
42.9912 12070
42.9943 12070
42.9975 12070
43.0006 12070
43.0038 12070
43.0069 12070
43.0101 12070
43.0132 12070
43.0164 12070
43.0195 12070
43.0227 12070
43.0258 12070
43.029 12070
43.0321 12070
43.0353 12070
43.0384 12070
43.0416 12070
43.0447 12070
43.0479 12070
43.051 12070
43.0542 12070
43.0574 12070
43.0605 12070
43.0637 12070
43.0668 12070
43.07 12070
43.0731 12070
43.0763 12070
43.0794 12070
43.0826 12070
43.0857 12070
43.0889 12070
43.092 12070
43.0952 12070
43.0983 12070
43.1015 12070
43.1046 12070
43.1078 12070
43.1109 12070
43.1141 12070
43.1172 12070
43.1204 12070
43.1235 12070
43.1267 12070
43.1298 12070
43.133 12070
43.1362 12070
43.2843 12070
43.2874 12070
43.2906 12070
43.2938 12070
43.2969 12070
43.3001 12070
43.3032 12070
43.3064 12070
43.3095 12070
43.3127 12070
43.3158 12070
43.319 12070
43.3221 12070
43.3253 12070
43.3284 12070
43.3316 12070
43.3347 12070
43.3379 12070
43.341 12070
43.3442 12070
43.3473 12070
43.3505 12070
43.3536 12070
43.3568 12070
43.3599 12070
43.3631 12070
43.3662 12070
43.3694 12070
43.3726 12070
43.3757 12070
43.3789 12070
43.382 12070
43.3852 12070
43.3883 12070
43.3915 12070
43.3946 12070
43.3978 12070
43.4009 12070
43.4041 12070
43.4072 12070
43.4104 12070
43.4135 12070
43.4167 12070
43.4198 12070
43.423 12070
43.4261 12070
43.4293 12070
43.4324 12070
43.5774 12070
43.5806 12070
43.5837 12070
43.5869 12070
43.59 12070
43.5932 12070
43.5963 12070
43.5995 12070
43.6026 12070
43.6058 12070
43.609 12070
43.6121 12070
43.6153 12070
43.6184 12070
43.6216 12070
43.6247 12070
43.6279 12070
43.631 12070
43.6342 12070
43.6373 12070
43.6405 12070
43.6436 12070
43.6468 12070
43.6499 12070
43.6531 12070
43.6562 12070
43.6594 12070
43.6625 12070
43.6657 12070
43.6688 12070
43.672 12070
43.6751 12070
43.6783 12070
43.6814 12070
43.6846 12070
43.6878 12070
43.6909 12070
43.6941 12070
43.6972 12070
43.7004 12070
43.7035 12070
43.7067 12070
43.7098 12070
43.713 12070
43.7161 12070
43.7193 12070
43.7224 12070
43.7256 12070
43.8721 12070
43.8753 12070
43.8784 12070
43.8816 12070
43.8848 12070
43.8879 12070
43.8911 12070
43.8942 12070
43.8974 12070
43.9005 12070
43.9037 12070
43.9068 12070
43.91 12070
43.9131 12070
43.9163 12070
43.9194 12070
43.9226 12070
43.9257 12070
43.9289 12070
43.932 12070
43.9352 12070
43.9383 12070
43.9415 12070
43.9446 12070
43.9478 12070
43.9509 12070
43.9541 12070
43.9572 12070
43.9604 12070
43.9636 12070
43.9667 12070
43.9699 12070
43.973 12070
43.9762 12070
43.9793 12070
43.9825 12070
43.9856 12070
43.9888 12070
43.9919 12070
43.9951 12070
43.9982 12070
44.0014 12070
44.0045 12070
44.0077 12070
44.0108 12070
44.014 12070
44.0171 12070
44.0203 12070
44.17 12070
44.1732 12070
44.1763 12070
44.1795 12070
44.1826 12070
44.1858 12070
44.1889 12070
44.1921 12070
44.1952 12070
44.1984 12070
44.2015 12070
44.2047 12070
44.2078 12070
44.211 12070
44.2141 12070
44.2173 12070
44.2204 12070
44.2236 12070
44.2267 12070
44.2299 12070
44.233 12070
44.2362 12070
44.2394 12070
44.2425 12070
44.2457 12070
44.2488 12070
44.252 12070
44.2551 12070
44.2583 12070
44.2614 12070
44.2646 12070
44.2677 12070
44.2709 12070
44.274 12070
44.2772 12070
44.2803 12070
44.2835 12070
44.2866 12070
44.2898 12070
44.2929 12070
44.2961 12070
44.2992 12070
44.3024 12070
44.3055 12070
44.3087 12070
44.3118 12070
44.315 12070
44.3182 12070
44.471 12070
44.4742 12070
44.4773 12070
44.4805 12070
44.4836 12070
44.4868 12070
44.4899 12070
44.4931 12070
44.4962 12070
44.4994 12070
44.5025 12070
44.5057 12070
44.5088 12070
44.512 12070
44.5152 12070
44.5183 12070
44.5215 12070
44.5246 12070
44.5278 12070
44.5309 12070
44.5341 12070
44.5372 12070
44.5404 12070
44.5435 12070
44.5467 12070
44.5498 12070
44.553 12070
44.5561 12070
44.5593 12070
44.5624 12070
44.5656 12070
44.5687 12070
44.5719 12070
44.575 12070
44.5782 12070
44.5813 12070
44.5845 12070
44.5876 12070
44.5908 12070
44.594 12070
44.5971 12070
44.6003 12070
44.6034 12070
44.6066 12070
44.6097 12070
44.6129 12070
44.616 12070
44.6192 12070
44.6223 12070
44.7752 12070
44.7783 12070
44.7815 12070
44.7846 12070
44.7878 12070
44.791 12070
44.7941 12070
44.7973 12070
44.8004 12070
44.8036 12070
44.8067 12070
44.8099 12070
44.813 12070
44.8162 12070
44.8193 12070
44.8225 12070
44.8256 12070
44.8288 12070
44.8319 12070
44.8351 12070
44.8382 12070
44.8414 12070
44.8445 12070
44.8477 12070
44.8508 12070
44.854 12070
44.8571 12070
44.8603 12070
44.8634 12070
44.8666 12070
44.8698 12070
44.8729 12070
44.8761 12070
44.8792 12070
44.8824 12070
44.8855 12070
44.8887 12070
44.8918 12070
44.895 12070
44.8981 12070
44.9013 12070
44.9044 12070
44.9076 12070
44.9107 12070
44.9139 12070
44.917 12070
44.9202 12070
44.9233 12070
44.9265 12070
45.0794 12070
45.0825 12070
45.0857 12070
45.0888 12070
45.092 12070
45.0951 12070
45.0983 12070
45.1014 12070
45.1046 12070
45.1077 12070
45.1109 12070
45.114 12070
45.1172 12070
45.1203 12070
45.1235 12070
45.1266 12070
45.1298 12070
45.1329 12070
45.1361 12070
45.1392 12070
45.1424 12070
45.1456 12070
45.1487 12070
45.1519 12070
45.155 12070
45.1582 12070
45.1613 12070
45.1645 12070
45.1676 12070
45.1708 12070
45.1739 12070
45.1771 12070
45.1802 12070
45.1834 12070
45.1865 12070
45.1897 12070
45.1928 12070
45.196 12070
45.1991 12070
45.2023 12070
45.2054 12070
45.2086 12070
45.2117 12070
45.2149 12070
45.218 12070
45.2212 12070
45.2244 12070
45.2275 12070
45.2307 12070
45.3867 12070
45.3898 12070
45.393 12070
45.3961 12070
45.3993 12070
45.4024 12070
45.4056 12070
45.4087 12070
45.4119 12070
45.415 12070
45.4182 12070
45.4214 12070
45.4245 12070
45.4277 12070
45.4308 12070
45.434 12070
45.4371 12070
45.4403 12070
45.4434 12070
45.4466 12070
45.4497 12070
45.4529 12070
45.456 12070
45.4592 12070
45.4623 12070
45.4655 12070
45.4686 12070
45.4718 12070
45.4749 12070
45.4781 12070
45.4812 12070
45.4844 12070
45.4875 12070
45.4907 12070
45.4938 12070
45.497 12070
45.5002 12070
45.5033 12070
45.5065 12070
45.5096 12070
45.5128 12070
45.5159 12070
45.5191 12070
45.5222 12070
45.5254 12070
45.5285 12070
45.5317 12070
45.5348 12070
45.538 12070
45.6956 12070
45.6987 12070
45.7019 12070
45.705 12070
45.7082 12070
45.7113 12070
45.7145 12070
45.7176 12070
45.7208 12070
45.7239 12070
45.7271 12070
45.7302 12070
45.7334 12070
45.7366 12070
45.7397 12070
45.7429 12070
45.746 12070
45.7492 12070
45.7523 12070
45.7555 12070
45.7586 12070
45.7618 12070
45.7649 12070
45.7681 12070
45.7712 12070
45.7744 12070
45.7775 12070
45.7807 12070
45.7838 12070
45.787 12070
45.7901 12070
45.7933 12070
45.7964 12070
45.7996 12070
45.8027 12070
45.8059 12070
45.809 12070
45.8122 12070
45.8154 12070
45.8185 12070
45.8217 12070
45.8248 12070
45.828 12070
45.8311 12070
45.8343 12070
45.8374 12070
45.8406 12070
45.8437 12070
45.8469 12070
45.85 12070
46.0108 12070
46.0139 12070
46.0171 12070
46.0202 12070
46.0234 12070
46.0265 12070
46.0297 12070
46.0328 12070
46.036 12070
46.0391 12070
46.0423 12070
46.0454 12070
46.0486 12070
46.0518 12070
46.0549 12070
46.0581 12070
46.0612 12070
46.0644 12070
46.0675 12070
46.0707 12070
46.0738 12070
46.077 12070
46.0801 12070
46.0833 12070
46.0864 12070
46.0896 12070
46.0927 12070
46.0959 12070
46.099 12070
46.1022 12070
46.1053 12070
46.1085 12070
46.1116 12070
46.1148 12070
46.1179 12070
46.1211 12070
46.1242 12070
46.1274 12070
46.1306 12070
46.1337 12070
46.1369 12070
46.14 12070
46.1432 12070
46.1463 12070
46.1495 12070
46.1526 12070
46.1558 12070
46.1589 12070
46.1621 12070
46.1652 12070
46.3228 12070
46.326 12070
46.3291 12070
46.3323 12070
46.3354 12070
46.3386 12070
46.3417 12070
46.3449 12070
46.348 12070
46.3512 12070
46.3543 12070
46.3575 12070
46.3606 12070
46.3638 12070
46.367 12070
46.3701 12070
46.3733 12070
46.3764 12070
46.3796 12070
46.3827 12070
46.3859 12070
46.389 12070
46.3922 12070
46.3953 12070
46.3985 12070
46.4016 12070
46.4048 12070
46.4079 12070
46.4111 12070
46.4142 12070
46.4174 12070
46.4205 12070
46.4237 12070
46.4268 12070
46.43 12070
46.4331 12070
46.4363 12070
46.4394 12070
46.4426 12070
46.4458 12070
46.4489 12070
46.4521 12070
46.4552 12070
46.4584 12070
46.4615 12070
46.4647 12070
46.4678 12070
46.471 12070
46.4741 12070
46.4773 12070
46.6396 12070
46.6428 12070
46.6459 12070
46.6491 12070
46.6522 12070
46.6554 12070
46.6585 12070
46.6617 12070
46.6648 12070
46.668 12070
46.6711 12070
46.6743 12070
46.6774 12070
46.6806 12070
46.6837 12070
46.6869 12070
46.69 12070
46.6932 12070
46.6963 12070
46.6995 12070
46.7026 12070
46.7058 12070
46.7089 12070
46.7121 12070
46.7152 12070
46.7184 12070
46.7216 12070
46.7247 12070
46.7279 12070
46.731 12070
46.7342 12070
46.7373 12070
46.7405 12070
46.7436 12070
46.7468 12070
46.7499 12070
46.7531 12070
46.7562 12070
46.7594 12070
46.7625 12070
46.7657 12070
46.7688 12070
46.772 12070
46.7751 12070
46.7783 12070
46.7814 12070
46.7846 12070
46.7877 12070
46.7909 12070
46.794 12070
46.958 12070
46.9611 12070
46.9643 12070
46.9674 12070
46.9706 12070
46.9737 12070
46.9769 12070
46.98 12070
46.9832 12070
46.9863 12070
46.9895 12070
46.9926 12070
46.9958 12070
46.9989 12070
47.0021 12070
47.0052 12070
47.0084 12070
47.0115 12070
47.0147 12070
47.0178 12070
47.021 12070
47.0241 12070
47.0273 12070
47.0304 12070
47.0336 12070
47.0368 12070
47.0399 12070
47.0431 12070
47.0462 12070
47.0494 12070
47.0525 12070
47.0557 12070
47.0588 12070
47.062 12070
47.0651 12070
47.0683 12070
47.0714 12070
47.0746 12070
47.0777 12070
47.0809 12070
47.084 12070
47.0872 12070
47.0903 12070
47.0935 12070
47.0966 12070
47.0998 12070
47.1029 12070
47.1061 12070
47.1092 12070
47.1124 12070
47.2795 12070
47.2826 12070
47.2858 12070
47.2889 12070
47.2921 12070
47.2952 12070
47.2984 12070
47.3015 12070
47.3047 12070
47.3078 12070
47.311 12070
47.3141 12070
47.3173 12070
47.3204 12070
47.3236 12070
47.3267 12070
47.3299 12070
47.333 12070
47.3362 12070
47.3393 12070
47.3425 12070
47.3456 12070
47.3488 12070
47.352 12070
47.3551 12070
47.3583 12070
47.3614 12070
47.3646 12070
47.3677 12070
47.3709 12070
47.374 12070
47.3772 12070
47.3803 12070
47.3835 12070
47.3866 12070
47.3898 12070
47.3929 12070
47.3961 12070
47.3992 12070
47.4024 12070
47.4055 12070
47.4087 12070
47.4118 12070
47.415 12070
47.4181 12070
47.4213 12070
47.4244 12070
47.4276 12070
47.4308 12070
47.4339 12070
47.4371 12070
47.601 12070
47.6041 12070
47.6073 12070
47.6104 12070
47.6136 12070
47.6167 12070
47.6199 12070
47.623 12070
47.6262 12070
47.6293 12070
47.6325 12070
47.6356 12070
47.6388 12070
47.6419 12070
47.6451 12070
47.6482 12070
47.6514 12070
47.6545 12070
47.6577 12070
47.6608 12070
47.664 12070
47.6672 12070
47.6703 12070
47.6735 12070
47.6766 12070
47.6798 12070
47.6829 12070
47.6861 12070
47.6892 12070
47.6924 12070
47.6955 12070
47.6987 12070
47.7018 12070
47.705 12070
47.7081 12070
47.7113 12070
47.7144 12070
47.7176 12070
47.7207 12070
47.7239 12070
47.727 12070
47.7302 12070
47.7333 12070
47.7365 12070
47.7396 12070
47.7428 12070
47.746 12070
47.7491 12070
47.7523 12070
47.7554 12070
47.7586 12070
47.9256 12070
47.9288 12070
47.9319 12070
47.9351 12070
47.9382 12070
47.9414 12070
47.9445 12070
47.9477 12070
47.9508 12070
47.954 12070
47.9571 12070
47.9603 12070
47.9634 12070
47.9666 12070
47.9697 12070
47.9729 12070
47.976 12070
47.9792 12070
47.9824 12070
47.9855 12070
47.9887 12070
47.9918 12070
47.995 12070
47.9981 12070
48.0013 12070
48.0044 12070
48.0076 12070
48.0107 12070
48.0139 12070
48.017 12070
48.0202 12070
48.0233 12070
48.0265 12070
48.0296 12070
48.0328 12070
48.0359 12070
48.0391 12070
48.0422 12070
48.0454 12070
48.0485 12070
48.0517 12070
48.0548 12070
48.058 12070
48.0612 12070
48.0643 12070
48.0675 12070
48.0706 12070
48.0738 12070
48.0769 12070
48.0801 12070
48.0832 12070
48.2518 12070
48.255 12070
48.2582 12070
48.2613 12070
48.2645 12070
48.2676 12070
48.2708 12070
48.2739 12070
48.2771 12070
48.2802 12070
48.2834 12070
48.2865 12070
48.2897 12070
48.2928 12070
48.296 12070
48.2991 12070
48.3023 12070
48.3054 12070
48.3086 12070
48.3117 12070
48.3149 12070
48.318 12070
48.3212 12070
48.3243 12070
48.3275 12070
48.3306 12070
48.3338 12070
48.337 12070
48.3401 12070
48.3433 12070
48.3464 12070
48.3496 12070
48.3527 12070
48.3559 12070
48.359 12070
48.3622 12070
48.3653 12070
48.3685 12070
48.3716 12070
48.3748 12070
48.3779 12070
48.3811 12070
48.3842 12070
48.3874 12070
48.3905 12070
48.3937 12070
48.3968 12070
48.4 12070
48.4031 12070
48.4063 12070
48.4094 12070
48.5797 12070
48.5828 12070
48.586 12070
48.5891 12070
48.5923 12070
48.5954 12070
48.5986 12070
48.6017 12070
48.6049 12070
48.608 12070
48.6112 12070
48.6143 12070
48.6175 12070
48.6206 12070
48.6238 12070
48.6269 12070
48.6301 12070
48.6332 12070
48.6364 12070
48.6395 12070
48.6427 12070
48.6458 12070
48.649 12070
48.6522 12070
48.6553 12070
48.6585 12070
48.6616 12070
48.6648 12070
48.6679 12070
48.6711 12070
48.6742 12070
48.6774 12070
48.6805 12070
48.6837 12070
48.6868 12070
48.69 12070
48.6931 12070
48.6963 12070
48.6994 12070
48.7026 12070
48.7057 12070
48.7089 12070
48.712 12070
48.7152 12070
48.7183 12070
48.7215 12070
48.7246 12070
48.7278 12070
48.731 12070
48.7341 12070
48.7373 12070
48.7404 12070
48.9122 12070
48.9153 12070
48.9185 12070
48.9216 12070
48.9248 12070
48.928 12070
48.9311 12070
48.9343 12070
48.9374 12070
48.9406 12070
48.9437 12070
48.9469 12070
48.95 12070
48.9532 12070
48.9563 12070
48.9595 12070
48.9626 12070
48.9658 12070
48.9689 12070
48.9721 12070
48.9752 12070
48.9784 12070
48.9815 12070
48.9847 12070
48.9878 12070
48.991 12070
48.9941 12070
48.9973 12070
49.0004 12070
49.0036 12070
49.0068 12070
49.0099 12070
49.0131 12070
49.0162 12070
49.0194 12070
49.0225 12070
49.0257 12070
49.0288 12070
49.032 12070
49.0351 12070
49.0383 12070
49.0414 12070
49.0446 12070
49.0477 12070
49.0509 12070
49.054 12070
49.0572 12070
49.0603 12070
49.0635 12070
49.0666 12070
49.0698 12070
49.0729 12070
49.2432 12070
49.2463 12070
49.2495 12070
49.2526 12070
49.2558 12070
49.2589 12070
49.2621 12070
49.2652 12070
49.2684 12070
49.2715 12070
49.2747 12070
49.2778 12070
49.281 12070
49.2841 12070
49.2873 12070
49.2904 12070
49.2936 12070
49.2967 12070
49.2999 12070
49.303 12070
49.3062 12070
49.3093 12070
49.3125 12070
49.3156 12070
49.3188 12070
49.322 12070
49.3251 12070
49.3283 12070
49.3314 12070
49.3346 12070
49.3377 12070
49.3409 12070
49.344 12070
49.3472 12070
49.3503 12070
49.3535 12070
49.3566 12070
49.3598 12070
49.3629 12070
49.3661 12070
49.3692 12070
49.3724 12070
49.3755 12070
49.3787 12070
49.3818 12070
49.385 12070
49.3881 12070
49.3913 12070
49.3944 12070
49.3976 12070
49.4008 12070
49.4039 12070
49.5773 12070
49.5804 12070
49.5836 12070
49.5867 12070
49.5899 12070
49.593 12070
49.5962 12070
49.5993 12070
49.6025 12070
49.6056 12070
49.6088 12070
49.6119 12070
49.6151 12070
49.6182 12070
49.6214 12070
49.6245 12070
49.6277 12070
49.6308 12070
49.634 12070
49.6372 12070
49.6403 12070
49.6435 12070
49.6466 12070
49.6498 12070
49.6529 12070
49.6561 12070
49.6592 12070
49.6624 12070
49.6655 12070
49.6687 12070
49.6718 12070
49.675 12070
49.6781 12070
49.6813 12070
49.6844 12070
49.6876 12070
49.6907 12070
49.6939 12070
49.697 12070
49.7002 12070
49.7033 12070
49.7065 12070
49.7096 12070
49.7128 12070
49.716 12070
49.7191 12070
49.7223 12070
49.7254 12070
49.7286 12070
49.7317 12070
49.7349 12070
49.738 12070
49.913 12070
49.9161 12070
49.9193 12070
49.9224 12070
49.9256 12070
49.9287 12070
49.9319 12070
49.935 12070
49.9382 12070
49.9413 12070
49.9445 12070
49.9476 12070
49.9508 12070
49.9539 12070
49.9571 12070
49.9602 12070
49.9634 12070
49.9665 12070
49.9697 12070
49.9728 12070
49.976 12070
49.9791 12070
49.9823 12070
49.9854 12070
49.9886 12070
49.9918 12070
49.9949 12070
49.9981 12070
50.0012 12070
50.0044 12070
50.0075 12070
50.0107 12070
50.0138 12070
50.017 12070
50.0201 12070
50.0233 12070
50.0264 12070
50.0296 12070
50.0327 12070
50.0359 12070
50.039 12070
50.0422 12070
50.0453 12070
50.0485 12070
50.0516 12070
50.0548 12070
50.0579 12070
50.0611 12070
50.0642 12070
50.0674 12070
50.0706 12070
50.0737 12070
