0.0 0
3.2687 0.268
4.73615 0.271375
4.7393 0.274328
4.94088 0.301662
5.03874 0.302329
5.04189 0.303163
5.04505 0.303893
5.0482 0.304531
5.35552 0.31834
5.35867 0.318547
5.36182 0.318729
5.36497 0.318763
5.56655 0.343667
5.68648 0.342084
5.68963 0.341074
5.69278 0.340189
5.69593 0.339416
5.89751 0.363614
6.02059 0.374912
6.02374 0.370173
6.02689 0.366026
6.03005 0.362523
6.23162 0.384208
6.29797 0.386182
6.30112 0.373034
6.30427 0.36153
6.30742 0.351464
6.47763 0.363406
6.54067 0.348355
6.54382 0.335061
6.54697 0.323428
6.55013 0.313374
6.72033 0.304578
6.78337 0.29688
6.78653 0.290145
6.78968 0.284252
6.79283 0.278971
6.96619 0.274849
7.02923 0.271243
7.03238 0.268088
7.03553 0.265327
7.03869 0.262911
7.19313 0.258422
7.19629 0.246994
7.19944 0.236995
7.20259 0.228246
7.20574 0.22059
7.30976 0.207516
7.31291 0.196077
7.31606 0.186192
7.31921 0.177543
7.32237 0.169975
7.42953 0.163728
7.43269 0.158262
7.43584 0.153354
7.43899 0.14906
7.44214 0.145428
7.55089 0.142374
7.55404 0.139827
7.55719 0.137599
7.56034 0.135649
7.56349 0.133818
7.67539 0.132716
7.67854 0.131626
7.68169 0.130673
7.68485 0.129839
7.688 0.129109
7.80777 0.12947
7.81093 0.129787
7.81408 0.130188
7.81723 0.13054
7.82038 0.130847
7.94804 0.132116
7.95119 0.133227
7.95434 0.134073
7.95749 0.134814
7.96065 0.135462
8.10091 0.13753
8.10406 0.139838
8.10721 0.141859
8.11037 0.143626
8.11352 0.145173
8.28215 0.167276
8.2853 0.169492
8.28845 0.171305
8.29161 0.172892
8.29476 0.174281
8.49633 0.200371
8.5154 0.204449
8.51855 0.208393
8.5217 0.211844
8.52485 0.214863
8.52801 0.217631
8.72958 0.244802
8.75968 0.247077
8.76283 0.247067
8.76598 0.247059
8.76913 0.247176
8.77229 0.247279
8.77544 0.247244
8.98032 0.247714
9.01026 0.248125
9.01341 0.248484
9.01657 0.248798
9.01972 0.248949
9.02287 0.24908
9.02602 0.24932
9.24193 0.25078
9.2703 0.255683
9.27345 0.256597
9.27661 0.257398
9.27976 0.258098
9.28291 0.258711
9.28606 0.259372
9.48764 0.284575
9.51143 0.282753
9.5398 0.284659
9.54295 0.283077
9.5461 0.281817
9.54925 0.280715
9.55241 0.280126
9.55556 0.27961
9.55871 0.279159
9.76029 0.303514
9.76832 0.3007
9.79353 0.298362
9.8219 0.299817
9.82505 0.29809
9.82821 0.296579
9.83136 0.295131
9.83451 0.293865
9.83766 0.292757
9.84081 0.291787
10.0424 0.315814
10.0504 0.312587
10.0599 0.309889
10.0851 0.310778
10.0882 0.308805
10.1166 0.30708
10.1198 0.305445
10.1229 0.304014
10.1261 0.302887
10.1292 0.301901
10.1324 0.301414
10.1355 0.300987
10.3371 0.325489
10.3451 0.322678
10.3546 0.320343
10.364 0.31955
10.3893 0.320856
10.3924 0.319124
10.3956 0.317609
10.4239 0.316283
10.4271 0.315247
10.4302 0.314341
10.4334 0.313424
10.4365 0.312621
10.4397 0.311918
10.4428 0.311303
10.6525 0.311765
10.6619 0.312295
10.6714 0.314008
10.6808 0.315507
10.706 0.318819
10.7092 0.318966
10.7123 0.319095
10.7155 0.319209
10.7439 0.319307
10.747 0.319394
10.7502 0.31947
10.7533 0.319911
10.7565 0.320297
10.7596 0.320635
10.7628 0.320931
10.9643 0.346064
10.9803 0.343806
10.9897 0.342955
10.9929 0.341461
11.0023 0.340153
11.0118 0.339009
11.037 0.337883
11.0401 0.337398
11.0433 0.336973
11.0465 0.336601
11.0496 0.336276
11.078 0.335992
11.0811 0.335743
11.0843 0.335525
11.0874 0.335334
11.0906 0.335542
11.0937 0.335725
11.0969 0.335884
11.2985 0.360899
11.316 0.359661
11.8549 0.346329
11.8739 0.336663
11.877 0.32658
11.8802 0.317757
11.8833 0.309913
11.9117 0.306174
11.9148 0.299777
11.918 0.29418
11.9211 0.289407
11.9243 0.285106
11.9274 0.281343
11.9306 0.27805
11.9337 0.275169
12.1008 0.293148
12.1166 0.289754
12.1197 0.287035
12.1402 0.286906
12.1433 0.284792
12.1465 0.282818
12.1497 0.281091
12.178 0.28283
12.1812 0.281226
12.1843 0.279823
12.1875 0.278595
12.1906 0.277396
12.1938 0.276346
12.1969 0.275428
12.2001 0.274749
12.2032 0.274156
12.3797 0.274761
12.3955 0.277291
12.3987 0.27788
12.4018 0.278395
12.4239 0.27897
12.427 0.279599
12.4302 0.280149
12.4333 0.280631
12.4633 0.281177
12.4664 0.281655
12.4696 0.282073
12.4727 0.282439
12.4759 0.282759
12.479 0.283164
12.4822 0.283519
12.4853 0.283704
12.4885 0.284241
12.6745 0.307586
12.6902 0.308012
12.6934 0.306761
12.6965 0.305666
12.6997 0.304708
12.7217 0.303869
12.7249 0.30301
12.728 0.302384
12.7312 0.301836
12.7643 0.301732
12.7674 0.30164
12.7706 0.30156
12.7737 0.301865
12.7769 0.302132
12.7801 0.30249
12.7832 0.302679
12.7864 0.302844
12.7895 0.302989
12.9849 0.327115
13.0007 0.326976
13.0038 0.325229
13.007 0.3237
13.0101 0.322488
13.0133 0.321427
13.0354 0.320498
13.0385 0.319686
13.0417 0.31885
13.0448 0.318119
13.0763 0.317354
13.0795 0.316685
13.0826 0.316099
13.0858 0.315587
13.0889 0.315513
13.0921 0.315574
13.0953 0.315503
13.0984 0.31544
13.1016 0.315385
13.3031 0.340212
13.308 0.338185
13.3238 0.336287
13.3269 0.334626
13.3301 0.333298
13.3332 0.332511
13.3364 0.331697
13.3584 0.33336
13.3616 0.33244
13.3647 0.331635
13.3679 0.33093
13.3994 0.333939
13.4026 0.332947
13.4057 0.332078
13.4089 0.331319
13.412 0.330779
13.4152 0.330306
13.4183 0.329768
13.4215 0.329297
13.4246 0.328885
13.6262 0.353399
13.6374 0.350974
13.6421 0.348853
13.6579 0.346996
13.661 0.345497
13.6642 0.344059
13.6673 0.342802
13.6705 0.341702
13.6926 0.340739
13.6957 0.339897
13.6989 0.33916
13.702 0.33864
13.7335 0.33806
13.7367 0.337552
13.7398 0.337108
13.743 0.33672
13.7461 0.33638
13.7493 0.336457
13.7524 0.336525
13.7556 0.336584
13.7587 0.336636
13.9603 0.361557
13.9715 0.359487
13.9778 0.357051
13.9936 0.356295
13.9967 0.354133
13.9999 0.352116
14.003 0.350477
14.0062 0.349042
14.0282 0.350162
14.0314 0.348767
14.0345 0.347546
14.0377 0.346478
14.0692 0.349043
14.0724 0.347788
14.0755 0.346689
14.0787 0.345728
14.0818 0.344887
14.085 0.344026
14.0882 0.343398
14.5184 0.330973
14.5215 0.320101
14.5247 0.310589
14.531 0.302265
14.5341 0.295107
14.5373 0.288719
14.5404 0.283129
14.5735 0.278488
14.5767 0.274427
14.5798 0.270748
14.583 0.26753
14.5861 0.264839
14.5893 0.262484
14.5925 0.260423
14.5956 0.25862
14.769 0.278418
14.7721 0.275366
14.7753 0.272695
14.7784 0.270733
14.7816 0.269016
14.7879 0.267514
14.791 0.2662
14.7942 0.26505
14.7973 0.264044
14.832 0.263413
14.8352 0.262862
14.8383 0.262379
14.8415 0.261957
14.8446 0.261462
14.8478 0.261029
14.8509 0.260651
14.8541 0.260819
15.029 0.282467
15.0322 0.280159
15.0353 0.278014
15.0385 0.276137
15.0416 0.274495
15.0495 0.273683
15.0526 0.272598
15.0558 0.271523
15.0589 0.270583
15.0936 0.27376
15.0968 0.27254
15.0999 0.271472
15.1031 0.270663
15.1062 0.269955
15.1094 0.269336
15.1125 0.268794
15.1157 0.26832
15.1188 0.26778
15.3001 0.268182
15.3032 0.268909
15.3064 0.269546
15.3095 0.270103
15.3127 0.27059
15.319 0.271391
15.3221 0.271592
15.3253 0.271768
15.3284 0.271922
15.3647 0.276182
15.3678 0.275909
15.371 0.27567
15.3741 0.275587
15.3773 0.275388
15.3805 0.275215
15.3836 0.275063
15.3868 0.27493
15.3899 0.274814
15.3931 0.274837
15.5822 0.275732
15.5853 0.276891
15.5885 0.277905
15.5916 0.278791
15.5948 0.279568
15.6011 0.280747
15.6042 0.281403
15.6074 0.281853
15.6105 0.282246
15.6452 0.28659
15.6484 0.286267
15.6515 0.285983
15.6547 0.285735
15.6578 0.285393
15.661 0.285094
15.6641 0.284958
15.6673 0.284838
15.6704 0.284733
15.6736 0.284641
15.6767 0.284436
15.8737 0.285257
15.8769 0.285975
15.88 0.286728
15.8832 0.287387
15.8863 0.287963
15.8927 0.288343
15.8958 0.288675
15.899 0.288966
15.9021 0.289345
15.9368 0.289552
15.9399 0.289733
15.9431 0.290016
15.9462 0.290264
15.9494 0.290481
15.9525 0.290671
15.9557 0.290712
15.9588 0.290748
15.962 0.291155
15.9651 0.291635
15.9683 0.292056
16.1669 0.316799
16.17 0.314324
16.1732 0.312159
16.1763 0.310139
16.1795 0.308371
16.1858 0.3072
16.1889 0.3058
16.1921 0.3047
16.1952 0.303737
16.2299 0.306645
16.2331 0.30544
16.2362 0.304385
16.2394 0.303337
16.2425 0.30242
16.2457 0.301617
16.2488 0.300915
16.252 0.300301
16.2551 0.299888
16.2583 0.299527
16.2614 0.299086
16.2646 0.2987
16.4679 0.298988
16.471 0.299239
16.4742 0.299459
16.4773 0.299652
16.4805 0.29982
16.4868 0.299968
16.49 0.300097
16.4931 0.30021
16.4963 0.300309
16.5309 0.300395
16.5341 0.300471
16.5372 0.300537
16.5404 0.300595
16.5435 0.300645
16.5467 0.30069
16.5498 0.300728
16.553 0.300762
16.5561 0.300792
16.5593 0.300818
16.5625 0.301216
16.5656 0.301564
16.7672 0.326743
16.7705 0.323775
16.7736 0.321054
16.7768 0.318672
16.7799 0.316588
16.7831 0.314889
16.7894 0.313403
16.7925 0.312103
16.7957 0.31084
16.7989 0.309735
16.8335 0.308893
16.8367 0.308031
16.8398 0.307278
16.843 0.306618
16.8461 0.306166
16.8493 0.30577
16.8524 0.305424
16.8556 0.305121
16.8587 0.304731
16.8619 0.304389
16.865 0.304216
16.8682 0.304064
17.0731 0.304306
17.0762 0.304517
17.0794 0.304703
17.0825 0.304865
17.0857 0.305007
17.092 0.305381
17.0951 0.305458
17.0983 0.305526
17.1014 0.305585
17.1361 0.309637
17.1393 0.309182
17.1424 0.308785
17.1456 0.308437
17.1487 0.308132
17.1519 0.307741
17.155 0.307523
17.1582 0.307333
17.1613 0.307166
17.1645 0.30702
17.1676 0.306893
17.1708 0.306656
17.3724 0.331324
17.3772 0.327909
17.3804 0.32492
17.3835 0.322305
17.3867 0.320017
17.3899 0.318015
17.3962 0.316388
17.3993 0.314839
17.4025 0.313485
17.4056 0.312299
17.4403 0.311262
17.4434 0.310354
17.4466 0.30956
17.4497 0.308865
17.4529 0.308257
17.456 0.30785
17.4592 0.307368
17.4623 0.306947
17.4655 0.306579
17.4687 0.306257
17.4718 0.305974
17.475 0.305728
17.6798 0.305887
17.683 0.305776
17.6861 0.305804
17.6893 0.305828
17.6924 0.30585
17.6987 0.306244
17.7019 0.306088
17.7051 0.306077
17.7082 0.306067
17.7429 0.309934
17.746 0.309442
17.7492 0.309012
17.7523 0.308636
17.7555 0.308306
17.7586 0.308018
17.7618 0.307641
17.7649 0.307311
17.7681 0.307147
17.7712 0.307003
17.7744 0.306878
17.7775 0.306768
17.9791 0.331547
17.984 0.328229
17.9872 0.325325
17.9903 0.32266
17.9935 0.320327
17.9966 0.318286
18.0029 0.3165
18.0061 0.315063
18.0092 0.31368
18.0124 0.31247
18.047 0.311536
18.0502 0.310594
18.0533 0.30977
18.0565 0.309049
18.0597 0.308418
18.0628 0.307865
18.066 0.307382
18.0691 0.307084
18.0723 0.306699
18.0754 0.306362
18.0786 0.306066
18.0817 0.305808
18.2866 0.305957
18.2897 0.305837
18.2929 0.305733
18.2961 0.305766
18.2992 0.305795
18.3055 0.306196
18.3087 0.306171
18.3118 0.306025
18.315 0.305897
18.3496 0.309785
18.3528 0.309187
18.3559 0.308663
18.3591 0.30833
18.3622 0.308039
18.3654 0.307784
18.3685 0.307561
18.3717 0.307366
18.3749 0.30707
18.378 0.306937
18.3812 0.306819
18.3843 0.306717
18.5859 0.331377
18.5908 0.327955
18.5939 0.324961
18.5971 0.322466
18.6002 0.320157
18.6034 0.318138
18.6097 0.316371
18.6128 0.314824
18.616 0.313471
18.6191 0.312412
18.6538 0.311361
18.657 0.310441
18.6601 0.309761
18.6633 0.309041
18.6664 0.30841
18.6696 0.307859
18.6727 0.307377
18.6759 0.306955
18.679 0.30671
18.6822 0.306372
18.6853 0.306075
18.6885 0.305816
18.8949 0.306214
18.8981 0.306437
18.9012 0.306632
18.9044 0.306678
18.9075 0.306719
18.9138 0.307129
18.917 0.307113
18.9201 0.307224
18.9233 0.307321
18.958 0.311156
18.9611 0.310761
18.9643 0.310416
18.9674 0.309989
18.9706 0.309615
18.9737 0.309288
18.9769 0.309002
18.98 0.308877
18.9832 0.308767
18.9863 0.308547
18.9895 0.308353
18.9926 0.308184
19.1942 0.332911
19.2023 0.329797
19.2054 0.327448
19.2086 0.325267
19.2117 0.323358
19.2149 0.321688
19.2212 0.320727
19.2243 0.319511
19.2275 0.318448
19.2306 0.317392
19.2669 0.320593
19.27 0.319644
19.2732 0.318688
19.2763 0.317852
19.2795 0.317121
19.2826 0.316481
19.2858 0.31592
19.2889 0.31543
19.2921 0.315002
19.2952 0.314626
19.2984 0.314298
19.3015 0.314011
19.5031 0.338634
19.508 0.33543
19.5175 0.332876
19.5206 0.330642
19.5238 0.328687
19.5269 0.326976
19.5301 0.325604
19.5364 0.324278
19.5395 0.323119
19.5427 0.322104
19.5458 0.321216
19.5805 0.320314
19.5836 0.3194
19.5868 0.3186
19.5899 0.3179
19.5931 0.317412
19.5963 0.316986
19.5994 0.316612
19.6026 0.316286
19.6057 0.315875
19.6089 0.315516
19.612 0.315326
19.6152 0.315161
19.82 0.31539
19.8263 0.315842
19.8358 0.316111
19.839 0.316348
19.8421 0.316679
19.8453 0.316969
19.8484 0.317098
19.8563 0.317461
19.8594 0.317778
19.8626 0.318056
19.8657 0.318299
19.9004 0.318512
19.9036 0.319073
19.9067 0.319564
19.9099 0.319993
19.913 0.320494
19.9162 0.320807
19.9193 0.321081
19.9225 0.321321
19.9256 0.321531
19.9288 0.321715
19.9319 0.321875
19.9351 0.322016
20.1367 0.346889
20.1463 0.344278
20.1526 0.342743
20.162 0.3419
20.1652 0.340413
20.1683 0.339111
20.1715 0.337847
20.1746 0.336741
20.1841 0.336649
20.1873 0.335943
20.1904 0.335325
20.1936 0.334784
20.2282 0.338311
20.2314 0.337397
20.2345 0.336598
20.2377 0.335898
20.2408 0.335286
20.244 0.334625
20.2471 0.334172
20.2503 0.333775
20.2534 0.333428
20.2566 0.333125
20.2597 0.332859
20.2629 0.332627
20.2661 0.332423
20.4741 0.333121
20.4835 0.333605
21.0698 0.32303
21.073 0.313651
21.0919 0.307445
21.095 0.300139
21.0982 0.293747
21.1013 0.288153
21.1045 0.283259
21.1076 0.278977
21.1108 0.27523
21.1139 0.271951
21.1171 0.269082
21.1202 0.266572
21.1234 0.264375
21.1265 0.262453
21.1297 0.260772
21.1329 0.2593
21.3157 0.259388
21.322 0.259214
21.3251 0.259188
21.3283 0.259164
21.3314 0.259519
21.3503 0.261829
21.3535 0.26185
21.3566 0.261744
21.3598 0.261651
21.3629 0.26157
21.3661 0.261623
21.3693 0.26167
21.3724 0.261712
21.3756 0.261748
21.3787 0.261654
21.3819 0.261572
21.385 0.261626
21.3882 0.261673
21.3913 0.261714
21.3945 0.261749
21.5899 0.263281
21.5962 0.265496
21.5993 0.267059
21.6025 0.268301
21.6057 0.269389
21.6088 0.27034
21.6277 0.271173
21.6309 0.272276
21.634 0.273366
21.6372 0.274321
21.6403 0.275156
21.6435 0.275886
21.6466 0.2764
21.6498 0.27685
21.6529 0.277244
21.6561 0.277714
21.6592 0.278124
21.6624 0.278484
21.6655 0.278673
21.6687 0.278839
21.6718 0.278984
21.8734 0.303986
21.8783 0.302113
21.8846 0.301224
21.8878 0.299946
21.8909 0.298828
21.8941 0.297974
21.8972 0.297227
21.9161 0.298574
21.9193 0.297752
21.9224 0.297033
21.9256 0.296279
21.9287 0.295619
21.9319 0.295042
21.935 0.294662
21.9382 0.294329
21.9413 0.294038
21.9445 0.293783
21.9476 0.293435
21.9508 0.293131
21.9539 0.292864
21.9571 0.292756
21.9603 0.292662
21.9634 0.292579
22.1762 0.293882
22.1809 0.294896
22.1872 0.295909
22.1903 0.296796
22.1935 0.297571
22.1967 0.298125
22.1998 0.298984
22.2187 0.301736
22.2219 0.302144
22.225 0.302626
22.2282 0.303048
22.2313 0.303417
22.2345 0.30374
22.2376 0.304022
22.2408 0.304145
22.2439 0.304251
22.2471 0.30447
22.2502 0.304661
22.2534 0.304829
22.2565 0.304975
22.2597 0.305103
22.2628 0.30509
22.266 0.305079
22.2691 0.305194
22.4898 0.30617
22.4961 0.307399
22.5024 0.308349
22.5055 0.30918
22.5087 0.309908
22.5119 0.310544
22.515 0.311226
22.5339 0.314073
22.5371 0.314689
22.5402 0.315228
22.5434 0.315574
22.5465 0.315877
22.5497 0.316143
22.5528 0.316375
22.556 0.316578
22.5591 0.316881
22.5623 0.317146
22.5654 0.317252
22.5686 0.317346
22.5717 0.317428
22.5749 0.317499
22.578 0.317687
22.5812 0.317851
22.5843 0.317995
22.7859 0.342745
22.816 0.340777
22.8223 0.339805
22.8286 0.338829
22.8318 0.337601
22.8349 0.336526
22.8381 0.33571
22.8412 0.334996
22.8444 0.334247
22.8633 0.333716
22.8665 0.333126
22.8696 0.332611
22.8728 0.332159
22.8759 0.331764
22.8791 0.331544
22.8822 0.331351
22.8854 0.331182
22.8885 0.330909
22.8917 0.330671
22.8948 0.330462
22.898 0.330279
22.9011 0.330244
22.9043 0.330214
22.9074 0.330062
22.9106 0.329929
22.9137 0.329813
23.1218 0.330586
23.1533 0.331388
23.1596 0.33209
23.1659 0.332703
23.169 0.333365
23.1722 0.333945
23.1753 0.334327
23.1785 0.334661
23.1817 0.334953
23.2006 0.335209
23.2037 0.335433
23.2069 0.335629
23.21 0.335925
23.2132 0.336185
23.2163 0.336287
23.2195 0.336376
23.2226 0.336454
23.2258 0.336522
23.7317 0.324707
23.7364 0.314493
23.7396 0.305557
23.7427 0.297612
23.7459 0.290661
23.749 0.284703
23.7522 0.27949
23.7553 0.274929
23.7585 0.270938
23.7616 0.267446
23.7648 0.264265
23.7679 0.261482
23.7711 0.259172
23.7742 0.25715
23.7774 0.255381
23.7805 0.253834
23.7837 0.252354
23.7868 0.25106
23.79 0.249928
23.9791 0.249687
23.9854 0.250226
23.9886 0.250448
23.9917 0.250642
23.9949 0.250811
23.998 0.251085
24.0012 0.251199
24.0043 0.251299
24.0075 0.251387
24.0106 0.251464
24.0138 0.251531
24.0169 0.251589
24.0201 0.251766
24.0232 0.251795
24.0264 0.251821
24.0295 0.251843
24.0327 0.251863
24.0358 0.25188
24.039 0.251895
24.0421 0.252033
24.2328 0.252154
24.2391 0.253135
24.2423 0.253618
24.2455 0.254041
24.2486 0.254411
24.2518 0.254734
24.2549 0.254892
24.2581 0.255156
24.2612 0.255386
24.2644 0.255588
24.2675 0.255765
24.2707 0.255919
24.2738 0.256054
24.277 0.256047
24.2801 0.256166
24.2833 0.256271
24.2864 0.256362
24.2896 0.256442
24.2927 0.256511
24.2959 0.256572
24.299 0.256626
24.4976 0.257673
24.5039 0.259339
24.5071 0.260421
24.5102 0.261369
24.5134 0.262198
24.5165 0.262923
24.5197 0.263557
24.5228 0.264113
24.526 0.264474
24.5291 0.264914
24.5323 0.2653
24.5354 0.265638
24.5386 0.265933
24.5417 0.266191
24.5449 0.266417
24.548 0.266615
24.5512 0.266788
24.5543 0.26694
24.5575 0.267072
24.5607 0.267188
24.5638 0.26729
24.7654 0.292129
24.7718 0.289862
24.7781 0.288755
24.7813 0.28741
24.7844 0.286109
24.7876 0.28497
24.7907 0.283974
24.7939 0.283102
24.7971 0.282465
24.8002 0.281906
24.8034 0.281418
24.8065 0.280866
24.8097 0.280383
24.8128 0.27996
24.816 0.27959
24.8191 0.279391
24.8223 0.279217
24.8254 0.27894
24.8286 0.278698
24.8317 0.278485
24.8349 0.2783
24.838 0.278262
25.0396 0.302979
25.0508 0.300732
25.0571 0.298891
25.0602 0.296779
25.0634 0.294932
25.0665 0.293315
25.0697 0.291901
25.0729 0.290663
25.076 0.289705
25.0792 0.288742
25.0823 0.287899
25.0855 0.287162
25.0886 0.286517
25.0918 0.285952
25.0949 0.285458
25.0981 0.285151
25.1012 0.284757
25.1044 0.284412
25.1075 0.284111
25.1107 0.283847
25.1138 0.283616
25.117 0.283414
25.1201 0.283237
25.3329 0.284458
25.3392 0.285025
25.3423 0.285022
25.3455 0.285019
25.3487 0.285017
25.3518 0.285015
25.355 0.285013
25.3581 0.285136
25.3613 0.285119
25.3644 0.285104
25.3676 0.285091
25.3707 0.28508
25.3739 0.28507
25.377 0.285186
25.3802 0.285288
25.3833 0.285252
25.3865 0.28522
25.3896 0.285193
25.3928 0.285169
25.3959 0.285148
25.3991 0.285254
25.4022 0.285347
25.6038 0.310054
25.6213 0.307422
25.6276 0.304994
25.6308 0.30287
25.6339 0.301011
25.6371 0.29951
25.6402 0.298196
25.6434 0.297047
25.6465 0.295916
25.6497 0.294926
25.6528 0.294061
25.656 0.293303
25.6591 0.292765
25.6623 0.292294
25.6654 0.291758
25.6686 0.291288
25.6717 0.290877
25.6749 0.290517
25.678 0.290328
25.6812 0.290162
25.6843 0.290017
25.6875 0.289764
25.6906 0.289544
25.9113 0.291851
25.9176 0.29237
25.9207 0.292448
25.9239 0.292517
25.927 0.292703
25.9302 0.29274
25.9333 0.292772
25.9365 0.292801
25.9397 0.292826
25.9428 0.292847
25.946 0.292867
25.9491 0.293008
25.9523 0.293007
25.9554 0.293006
25.9586 0.293006
25.9617 0.293005
25.9649 0.293004
25.968 0.293129
25.9712 0.293113
25.9743 0.293099
25.9775 0.293086
25.9806 0.293075
26.1822 0.317941
26.2028 0.314573
26.2091 0.311752
26.2123 0.309283
26.2155 0.307122
26.2186 0.305107
26.2218 0.303344
26.2249 0.301801
26.2281 0.300576
26.2312 0.299504
26.2344 0.298566
26.2375 0.297745
26.2407 0.296902
26.2438 0.296164
26.247 0.295519
26.2501 0.295079
26.2533 0.294694
26.2564 0.294357
26.2596 0.293938
26.2627 0.29357
26.2659 0.293249
26.269 0.293093
26.2722 0.292956
26.4928 0.295087
26.4991 0.295326
26.5023 0.295035
26.5054 0.294781
26.5086 0.294558
26.5117 0.294363
26.5149 0.294193
26.518 0.294169
26.5212 0.294023
26.5243 0.293895
26.5275 0.293783
26.5307 0.293685
26.5338 0.2936
26.537 0.293525
26.5401 0.293584
26.5433 0.293511
26.5464 0.293447
26.5496 0.293391
26.5527 0.293342
26.5559 0.2933
26.559 0.293387
26.5622 0.293339
26.7637 0.318046
26.7844 0.314791
26.7907 0.311817
26.7938 0.309215
26.797 0.306938
26.8001 0.305071
26.8033 0.303437
26.8065 0.302007
26.8096 0.300631
26.8128 0.299427
26.8159 0.298374
26.8191 0.297577
26.8222 0.29688
26.8254 0.29627
26.8285 0.295736
26.8317 0.295144
26.8348 0.294626
26.838 0.294173
26.8411 0.293901
26.8443 0.293664
26.8474 0.293456
26.8506 0.293149
26.8537 0.29288
27.0744 0.295145
27.0807 0.295252
27.0838 0.29497
27.087 0.294724
27.0901 0.294634
27.0933 0.294429
27.0964 0.294251
27.0996 0.294094
27.1027 0.293958
27.1059 0.293838
27.109 0.293858
27.1122 0.293751
27.1153 0.293657
27.1185 0.293575
27.1217 0.293503
27.1248 0.29344
27.128 0.293385
27.1311 0.293462
27.1343 0.293404
27.1374 0.293354
27.1406 0.29331
27.1437 0.293271
27.3453 0.318112
27.3659 0.314723
27.3722 0.311883
27.3754 0.309397
27.3785 0.307223
27.3817 0.305195
27.3848 0.30342
27.388 0.301868
27.3911 0.300634
27.3943 0.299555
27.3975 0.298611
27.4006 0.297659
27.4038 0.296827
27.4069 0.296099
27.4101 0.295586
27.4132 0.295138
27.4164 0.294746
27.4195 0.294403
27.4227 0.293977
27.4258 0.293605
27.429 0.293279
27.4321 0.293119
27.4353 0.29298
27.6559 0.295107
27.6622 0.295344
27.6654 0.295051
27.6685 0.294794
27.6717 0.29457
27.6748 0.294374
27.678 0.294202
27.6811 0.294177
27.6843 0.29403
27.6874 0.293901
27.6906 0.293788
27.6937 0.29369
27.6969 0.293604
27.7 0.293653
27.7032 0.293572
27.7063 0.2935
27.7095 0.293438
27.7127 0.293383
27.7158 0.293335
27.719 0.293293
27.7221 0.293381
27.7253 0.293334
27.9268 0.318042
27.9475 0.314787
27.9538 0.312688
27.9569 0.310352
27.9601 0.308433
27.9632 0.306754
27.9664 0.305285
27.9695 0.303999
27.9727 0.302874
27.9758 0.301765
27.979 0.300794
27.9821 0.30007
27.9853 0.299436
27.9885 0.298882
27.9916 0.298397
27.9948 0.297847
27.9979 0.297366
28.0011 0.29707
28.0042 0.296812
28.0074 0.296585
28.0105 0.296387
28.0137 0.296214
28.0168 0.295937
28.2184 0.32057
28.2201 0.317249
28.2422 0.314468
28.2485 0.312034
28.2516 0.309905
28.2548 0.307917
28.2579 0.306177
28.2611 0.30478
28.2643 0.303557
28.2674 0.302488
28.2706 0.301552
28.2737 0.300733
28.2769 0.299891
28.28 0.29928
28.2832 0.298745
28.2863 0.298277
28.2895 0.297867
28.2926 0.297509
28.2958 0.29707
28.2989 0.296686
28.3021 0.296476
28.3052 0.296291
28.3084 0.29613
28.3115 0.295989
28.5164 0.29624
28.5196 0.296585
28.5416 0.296887
28.5479 0.297151
28.5511 0.297507
28.5542 0.297819
28.5574 0.298091
28.5605 0.298205
28.5637 0.298304
28.5668 0.298391
28.57 0.298467
28.5731 0.298659
28.5763 0.298827
28.5795 0.298848
28.5826 0.298867
28.5858 0.298884
28.5889 0.298898
28.5921 0.299411
28.5952 0.29986
28.5984 0.300252
28.6015 0.300596
28.6047 0.300771
28.6078 0.300925
28.611 0.301059
28.8125 0.326052
28.819 0.32317
28.8222 0.321024
28.8442 0.321521
28.8505 0.319956
28.8537 0.318211
28.8568 0.31656
28.86 0.315115
28.8631 0.313976
28.8663 0.312979
28.8694 0.312106
28.8726 0.311343
28.8757 0.310675
28.8789 0.309966
28.882 0.30947
28.8852 0.309036
28.8883 0.308657
28.8915 0.308325
28.8947 0.308034
28.8978 0.307655
28.901 0.307323
28.9041 0.307158
28.9073 0.307013
28.9104 0.306886
28.9136 0.306775
28.9167 0.306679
29.1263 0.307594
29.1342 0.30852
29.1374 0.30933
29.1594 0.310038
29.1657 0.310659
29.1689 0.311576
29.172 0.312504
29.1752 0.313316
29.1783 0.314027
29.1815 0.314523
29.1846 0.314958
29.1878 0.315338
29.1909 0.315671
29.1941 0.316087
29.1972 0.316451
29.2004 0.316645
29.2035 0.316814
29.2067 0.316962
29.2099 0.317092
29.213 0.317331
29.2162 0.317539
29.2193 0.317722
29.2225 0.317757
29.2256 0.317787
29.2288 0.317814
29.2319 0.317837
29.4335 0.342732
29.4463 0.339891
29.4557 0.338529
29.4589 0.336713
29.462 0.335249
29.4841 0.333968
29.4904 0.333597
29.4935 0.332897
29.4967 0.332285
29.4998 0.331625
29.503 0.331046
29.5061 0.330666
29.5093 0.330332
29.5124 0.330041
29.5156 0.329786
29.5187 0.329563
29.5219 0.329242
29.5251 0.329087
29.5282 0.328951
29.5314 0.328832
29.5345 0.328728
29.5377 0.328637
29.5408 0.328433
29.544 0.328253
29.5471 0.328222
29.5503 0.328194
29.5534 0.32817
29.5566 0.328149
29.7581 0.353005
29.7662 0.350504
29.7819 0.348566
29.7914 0.348121
29.7946 0.34698
30.3777 0.336233
30.3808 0.326079
30.384 0.317194
30.3871 0.309545
30.4092 0.302227
30.4123 0.295823
30.4155 0.29022
30.4186 0.285193
30.4218 0.280794
30.4249 0.276945
30.4281 0.273701
30.4313 0.270864
30.4344 0.268381
30.4376 0.266083
30.4407 0.264073
30.4439 0.262314
30.447 0.260899
30.4502 0.259662
30.4533 0.258579
30.6251 0.258382
30.6283 0.258209
30.6314 0.258058
30.6346 0.257926
30.6377 0.258185
30.6409 0.258412
30.644 0.258735
30.6677 0.261393
30.6708 0.261344
30.674 0.261301
30.6771 0.261389
30.6803 0.261465
30.6834 0.261532
30.6866 0.26159
30.6897 0.261517
30.6929 0.261452
30.696 0.261521
30.6992 0.26158
30.7023 0.261633
30.7055 0.261679
30.7086 0.261594
30.7118 0.26152
30.7149 0.261455
30.8993 0.263023
30.9025 0.26477
30.9056 0.266299
30.9088 0.267636
30.9119 0.268807
30.9151 0.269956
30.9182 0.270962
30.9419 0.274216
30.945 0.274689
30.9482 0.275103
30.9513 0.275465
30.9545 0.275657
30.9576 0.275825
30.9608 0.275972
30.9639 0.2761
30.9671 0.276338
30.9702 0.276546
30.9734 0.276602
30.9765 0.276652
30.9797 0.276696
30.9829 0.276734
30.986 0.277267
30.9892 0.277734
30.9923 0.278142
31.1814 0.301749
31.1846 0.299655
31.1877 0.297824
31.1909 0.296221
31.194 0.294943
31.1972 0.293825
31.2003 0.292722
31.2035 0.291757
31.2303 0.291412
31.2334 0.290986
31.2366 0.290612
31.2397 0.290286
31.2429 0.29
31.246 0.289875
31.2492 0.290141
31.2523 0.290373
31.2555 0.290577
31.2587 0.290629
31.2618 0.290676
31.265 0.290716
31.2681 0.290877
31.2713 0.291017
31.2744 0.29114
31.2776 0.291123
31.2807 0.291107
31.4777 0.315344
31.4809 0.313301
31.484 0.311638
31.4872 0.310183
31.4903 0.308911
31.4935 0.308172
31.4966 0.3074
31.4998 0.306725
31.5029 0.306135
31.5297 0.308618
31.5329 0.307791
31.536 0.307192
31.5392 0.306668
31.5423 0.306209
31.5455 0.305808
31.5486 0.305332
31.5518 0.304916
31.5549 0.304551
31.5581 0.304357
31.5612 0.304188
31.5644 0.304039
31.5675 0.303909
31.5707 0.303671
31.5739 0.303462
31.577 0.303404
31.5802 0.303354
31.5833 0.303309
31.7898 0.304396
31.7929 0.305721
31.7961 0.307006
31.7992 0.308005
31.8024 0.30888
31.8055 0.309645
31.8087 0.310314
31.8118 0.3109
31.815 0.311412
31.8449 0.315236
31.8481 0.315706
31.8512 0.316118
31.8544 0.316353
31.8575 0.316559
31.8607 0.316739
31.8638 0.316897
31.867 0.317035
31.8701 0.31728
31.8733 0.317495
31.8764 0.317558
31.8796 0.317614
31.8827 0.317662
31.8859 0.317704
31.8891 0.317866
31.8922 0.318008
31.8954 0.318007
31.8985 0.318006
31.9017 0.318005
32.116 0.319005
32.1191 0.320379
32.1223 0.321582
32.1255 0.322509
32.1286 0.32332
32.1318 0.32403
32.1349 0.324652
32.1381 0.32532
32.1412 0.325905
32.1712 0.329792
32.1743 0.329818
32.1775 0.329716
32.1806 0.329626
32.1838 0.329548
32.1869 0.329479
32.1901 0.329545
32.1932 0.329601
32.1964 0.329651
32.1995 0.32957
32.2027 0.329499
32.2058 0.329436
32.209 0.329382
32.2121 0.329459
32.2153 0.329527
32.2184 0.329461
32.2216 0.329403
32.2247 0.329353
32.2279 0.329309
32.231 0.329395
32.4501 0.330096
32.4533 0.331084
32.4564 0.331823
32.4596 0.33247
32.4627 0.333037
32.4659 0.333532
32.469 0.334091
32.4722 0.334579
32.4753 0.334882
32.5084 0.338897
33.0978 0.327034
33.101 0.316655
33.1041 0.307698
33.1073 0.299736
33.1105 0.292769
33.1136 0.286673
33.1168 0.281339
33.1199 0.276671
33.1231 0.272712
33.2712 0.269248
33.2744 0.266092
33.2775 0.263331
33.2807 0.260914
33.2838 0.2588
33.287 0.25695
33.2901 0.255456
33.2933 0.254024
33.2964 0.252771
33.3342 0.252175
33.3374 0.251528
33.3405 0.250962
33.3437 0.250717
33.3469 0.250502
33.35 0.250439
33.3532 0.250259
33.3563 0.250102
33.3595 0.249964
33.3626 0.249844
33.3658 0.249738
33.3689 0.249646
33.3721 0.249565
33.5265 0.250245
33.5297 0.251214
33.5328 0.252062
33.536 0.252804
33.5391 0.253579
33.5423 0.254257
33.5454 0.254849
33.5486 0.255243
33.5517 0.255588
33.5896 0.260264
33.5927 0.259981
33.5959 0.259734
33.599 0.259642
33.6022 0.259562
33.6053 0.259492
33.6085 0.259305
33.6116 0.259142
33.6148 0.258999
33.6179 0.258874
33.6211 0.25889
33.6242 0.258904
33.6274 0.258916
33.6305 0.258801
33.7897 0.259326
33.7929 0.259785
33.796 0.260312
33.7992 0.260773
33.8023 0.261052
33.8055 0.261295
33.8086 0.261508
33.8118 0.261695
33.8149 0.261858
33.8543 0.262251
33.8575 0.262594
33.8606 0.262895
33.8638 0.263033
33.8669 0.263154
33.8701 0.263385
33.8732 0.263587
33.8764 0.263763
33.8795 0.263918
33.8827 0.264053
33.8858 0.264547
33.889 0.264853
33.8921 0.265247
33.8953 0.265591
34.0576 0.285767
34.0608 0.283921
34.0639 0.282306
34.0671 0.280893
34.0702 0.279656
34.0734 0.278574
34.0765 0.277627
34.0797 0.276799
34.0828 0.276074
34.1254 0.28044
34.1285 0.279635
34.1317 0.27893
34.1349 0.278314
34.138 0.2779
34.1412 0.277537
34.1443 0.277095
34.1475 0.276708
34.1506 0.27637
34.1538 0.276074
34.1569 0.275814
34.1601 0.275713
34.1632 0.275623
34.1664 0.275421
34.1695 0.275243
34.335 0.275588
34.3382 0.275889
34.3413 0.276153
34.3445 0.276259
34.3476 0.276352
34.3508 0.276433
34.3539 0.276504
34.3571 0.276691
34.3602 0.277229
34.4043 0.282826
34.4075 0.282722
34.4107 0.282632
34.4138 0.282553
34.417 0.282484
34.4201 0.282423
34.4233 0.282371
34.4264 0.282324
34.4296 0.282284
34.4327 0.282248
34.4359 0.282217
34.439 0.282315
34.4422 0.282276
34.4453 0.282241
34.4485 0.282211
34.4516 0.282185
34.6187 0.282287
34.6218 0.282376
34.625 0.282454
34.6281 0.282647
34.6313 0.282816
34.6344 0.282964
34.6376 0.283094
34.6407 0.283082
34.6439 0.283072
34.688 0.283188
34.6912 0.283289
34.6943 0.283378
34.6975 0.283456
34.7006 0.283524
34.7038 0.283458
34.7069 0.283401
34.7101 0.283476
34.7132 0.283541
34.7164 0.283599
34.7195 0.283649
34.7227 0.283568
34.7259 0.283497
34.729 0.283935
34.7322 0.284318
34.7353 0.284653
34.9087 0.306197
34.9118 0.304547
34.915 0.303104
34.9181 0.301966
34.9213 0.300845
34.9244 0.299864
34.9276 0.299006
34.9307 0.298255
34.9339 0.297599
34.978 0.302274
34.9812 0.301115
34.9843 0.3001
34.9875 0.299213
34.9906 0.298436
34.9938 0.297757
34.9969 0.297162
35.0001 0.296767
35.0032 0.296296
35.0064 0.295884
35.0095 0.295523
35.0127 0.295208
35.0158 0.294932
35.019 0.294691
35.0221 0.294479
35.0253 0.294294
35.1987 0.315383
35.2018 0.312585
35.205 0.310137
35.2081 0.30812
35.2113 0.30623
35.2144 0.304576
35.2176 0.303129
35.2207 0.301863
35.2239 0.300755
35.268 0.304911
35.2711 0.303422
35.2743 0.302119
35.2775 0.300979
35.2806 0.299982
35.2838 0.299109
35.2869 0.298345
35.2901 0.297802
35.2932 0.297202
35.2964 0.296677
35.2995 0.296217
35.3027 0.295815
35.3058 0.295463
35.309 0.295155
35.3121 0.295011
35.3153 0.294759
35.4918 0.316165
35.4949 0.313644
35.4981 0.311563
35.5012 0.309743
35.5044 0.308025
35.5075 0.306522
35.5107 0.305207
35.5139 0.304056
35.517 0.303174
35.5611 0.307527
35.5643 0.306211
35.5674 0.304935
35.5706 0.303818
35.5737 0.302841
35.5769 0.301986
35.58 0.301362
35.5832 0.300817
35.5863 0.300215
35.5895 0.299688
35.5927 0.299227
35.5958 0.298824
35.599 0.298471
35.6021 0.298287
35.6053 0.298126
35.6084 0.29786
35.7849 0.319253
35.7881 0.316471
35.7912 0.314037
35.7944 0.311783
35.7975 0.30981
35.8007 0.308084
35.8038 0.306573
35.807 0.305251
35.8101 0.30422
35.8543 0.308318
35.8574 0.306778
35.8606 0.305431
35.8637 0.304252
35.8669 0.30322
35.87 0.302443
35.8732 0.301762
35.8763 0.301042
35.8795 0.300412
35.8826 0.29986
35.8858 0.299378
35.8889 0.298956
35.8921 0.298711
35.8952 0.298497
35.8984 0.298185
35.9015 0.297912
36.0781 0.319423
36.0812 0.31662
36.0844 0.314043
36.0875 0.311787
36.0907 0.309814
36.0938 0.308087
36.097 0.306576
36.1001 0.305379
36.1033 0.304332
36.1474 0.308415
36.1506 0.306863
36.1537 0.305505
36.1569 0.304317
36.16 0.303403
36.1632 0.302602
36.1663 0.301777
36.1695 0.301055
36.1726 0.300423
36.1758 0.29987
36.1789 0.299386
36.1821 0.299088
36.1852 0.298827
36.1884 0.298474
36.1915 0.298164
36.1947 0.297894
36.3712 0.319407
36.3743 0.316481
36.3775 0.313921
36.3807 0.311681
36.3838 0.309721
36.387 0.308006
36.3901 0.30663
36.3933 0.305426
36.3964 0.304248
36.4405 0.308342
36.4437 0.306799
36.4468 0.305449
36.45 0.304268
36.4531 0.30336
36.4563 0.30244
36.4595 0.301635
36.4626 0.30093
36.4658 0.300314
36.4689 0.299775
36.4721 0.299428
36.4752 0.299124
36.4784 0.298734
36.4815 0.298392
36.4847 0.298093
36.4878 0.297832
36.6643 0.319353
36.6675 0.316433
36.6706 0.313879
36.6738 0.311644
36.6769 0.309689
36.6801 0.308103
36.6832 0.306715
36.6864 0.305376
36.6895 0.304204
36.7337 0.308303
36.7368 0.306765
36.74 0.30542
36.7431 0.304367
36.7463 0.303446
36.7494 0.302515
36.7526 0.301701
36.7557 0.300988
36.7589 0.300365
36.762 0.299944
36.7652 0.299576
36.7683 0.299129
36.7715 0.298738
36.7747 0.298396
36.7778 0.298096
36.781 0.297834
36.9575 0.319355
36.9606 0.316436
36.9638 0.313881
36.9669 0.311646
36.9701 0.309815
36.9732 0.308213
36.9764 0.306687
36.9795 0.305351
36.9827 0.304182
37.0268 0.308284
37.03 0.306749
37.0331 0.30553
37.0363 0.304464
37.0394 0.303406
37.0426 0.30248
37.0457 0.30167
37.0489 0.300961
37.052 0.300466
37.0552 0.300033
37.0583 0.299529
37.0615 0.299088
37.0646 0.298702
37.0678 0.298364
37.0709 0.298069
37.0741 0.297935
37.2506 0.319443
37.2538 0.316513
37.2569 0.313949
37.2601 0.31183
37.2632 0.309976
37.2664 0.308229
37.2695 0.306701
37.2727 0.305363
37.2758 0.304193
37.3199 0.308294
37.3231 0.306882
37.3263 0.305647
37.3294 0.304441
37.3326 0.303386
37.3357 0.302462
37.3389 0.301655
37.342 0.301073
37.3452 0.300564
37.3483 0.299993
37.3515 0.299494
37.3546 0.299057
37.3578 0.298675
37.3609 0.298341
37.3641 0.298173
37.3672 0.298027
37.5437 0.319398
37.5469 0.316473
37.55 0.314039
37.5532 0.311909
37.5563 0.309921
37.5595 0.308181
37.5627 0.306658
37.5658 0.305326
37.569 0.30416
37.5721 0.303265
37.6162 0.302482
37.6194 0.301672
37.6225 0.300963
37.6257 0.300342
37.6288 0.2998
37.632 0.299325
37.6351 0.299034
37.6383 0.298655
37.6415 0.298323
37.6446 0.298033
37.6478 0.297779
37.6509 0.297556
37.6541 0.297487
37.6572 0.297426
37.6604 0.297248
37.6635 0.297092
37.8432 0.297455
37.8463 0.298148
37.8495 0.298755
37.8526 0.29916
37.8558 0.299515
37.8589 0.299826
37.8621 0.300223
37.8652 0.30057
37.8684 0.300874
37.8715 0.301139
37.9157 0.306372
37.9188 0.305825
37.922 0.305347
37.9251 0.305054
37.9283 0.304797
37.9314 0.304573
37.9346 0.304376
37.9377 0.304079
37.9409 0.303819
37.944 0.303717
37.9472 0.303627
37.9503 0.303549
37.9535 0.30348
37.9567 0.303295
37.9598 0.303133
37.963 0.302992
38.1426 0.324993
38.1458 0.322119
38.1489 0.319604
38.1521 0.317528
38.1552 0.315712
38.1584 0.314123
38.1615 0.312733
38.1647 0.311391
38.1678 0.310217
38.171 0.30919
38.1741 0.308416
38.2183 0.307739
38.2214 0.307147
38.2246 0.306629
38.2277 0.30605
38.2309 0.305544
38.234 0.305226
38.2372 0.304948
38.2403 0.304704
38.2435 0.304491
38.2466 0.30418
38.2498 0.304282
38.2529 0.304372
38.2561 0.304575
38.2592 0.304754
38.2624 0.304909
38.2655 0.305046
38.4515 0.32804
38.4547 0.326035
38.4578 0.324281
38.461 0.322746
38.4641 0.321402
38.4673 0.320227
38.4704 0.319199
38.4736 0.318299
38.4767 0.317511
38.4799 0.316823
38.483 0.316345
38.4862 0.315802
38.5319 0.315451
38.535 0.31527
38.5382 0.315111
38.5413 0.314972
38.5445 0.314851
38.5477 0.314619
38.5508 0.314417
38.554 0.31424
38.5571 0.31421
38.5603 0.314184
38.5634 0.314161
38.5666 0.314141
38.5697 0.313998
38.5729 0.314248
38.576 0.314592
38.5792 0.314893
38.7667 0.338157
38.7699 0.335637
38.773 0.333557
38.7762 0.331738
38.7793 0.330145
38.7825 0.328627
38.7856 0.327299
38.7888 0.326137
38.7919 0.325119
38.7951 0.324355
38.7982 0.323685
38.8014 0.322975
38.8045 0.322353
38.8534 0.322309
38.8565 0.322645
38.8597 0.322814
38.8629 0.322963
38.866 0.323217
38.8692 0.32344
38.8723 0.323635
38.8755 0.323806
38.8786 0.323955
38.8818 0.323961
38.8849 0.323966
38.8881 0.324095
38.8912 0.324208
38.8944 0.324307
38.8975 0.324394
38.9007 0.324344
39.0914 0.347801
39.0945 0.345326
39.0977 0.34316
39.1008 0.34164
39.104 0.340185
39.1071 0.339037
39.1103 0.338033
39.1134 0.337153
39.1166 0.336384
39.1197 0.335711
39.1229 0.335122
39.126 0.334607
39.1292 0.334156
39.1323 0.333762
39.1859 0.339666
39.1891 0.339208
39.1922 0.338807
39.1954 0.338456
39.1985 0.338149
39.2017 0.337756
39.2048 0.337411
39.208 0.33711
39.2111 0.336971
39.2143 0.33685
39.2175 0.336743
39.2206 0.33665
39.2238 0.336444
39.2269 0.336264
39.2301 0.336231
39.2332 0.336202
39.2364 0.336552
39.4286 0.360483
39.7769 0.346422
39.7801 0.334245
39.7832 0.323589
39.7864 0.314265
39.7895 0.306107
39.7927 0.298969
39.7958 0.292723
39.799 0.287132
39.8021 0.282366
39.8053 0.278195
39.8085 0.274546
39.8116 0.271352
39.8148 0.268558
39.8179 0.265989
39.8211 0.263865
39.9834 0.262382
39.9865 0.261084
39.9897 0.259949
39.9928 0.258955
39.996 0.258086
40.0181 0.2597
40.0212 0.258737
40.0244 0.257895
40.0275 0.257408
40.0307 0.256982
40.0338 0.256485
40.037 0.256049
40.0401 0.255793
40.0433 0.255569
40.0464 0.255373
40.0496 0.255201
40.0527 0.255051
40.0559 0.254795
40.059 0.254695
40.0622 0.254608
40.0653 0.254907
40.0685 0.255169
40.0716 0.255398
40.0748 0.255598
40.2466 0.276773
40.2497 0.275427
40.2529 0.274248
40.256 0.273342
40.2592 0.272549
40.2623 0.271856
40.2876 0.271499
40.2907 0.271186
40.2939 0.270913
40.297 0.270799
40.3002 0.270699
40.3033 0.270612
40.3065 0.270535
40.3096 0.270343
40.3128 0.270175
40.3159 0.270404
40.3191 0.270728
40.3222 0.271012
40.3254 0.271261
40.3285 0.271478
40.3317 0.271543
40.3348 0.2716
40.338 0.27165
40.3411 0.271819
40.3443 0.271967
40.5224 0.293971
40.5255 0.292099
40.5287 0.290462
40.5318 0.289029
40.535 0.288151
40.5381 0.287382
40.5413 0.286709
40.5665 0.28887
40.5697 0.288012
40.5728 0.28726
40.576 0.286603
40.5791 0.286027
40.5823 0.285524
40.5854 0.285083
40.5886 0.284698
40.5917 0.284361
40.5949 0.284066
40.598 0.283932
40.6012 0.283691
40.6043 0.28348
40.6075 0.283295
40.6106 0.283133
40.6138 0.282991
40.6169 0.282867
40.6201 0.282884
40.6232 0.282773
40.6264 0.282677
40.8171 0.306467
40.8202 0.305409
40.8234 0.304483
40.8265 0.303672
40.8297 0.302963
40.8329 0.302343
40.836 0.3018
40.8628 0.3042
40.8659 0.30355
40.8691 0.303106
40.8723 0.302718
40.8754 0.302378
40.8786 0.301956
40.8817 0.301586
40.8849 0.301263
40.888 0.301105
40.8912 0.301342
40.8943 0.301549
40.8975 0.301731
40.9006 0.301764
40.9038 0.301794
40.9069 0.30182
40.9101 0.301967
40.9132 0.302096
40.9164 0.302209
40.9195 0.302308
40.9227 0.30227
40.9258 0.302236
41.126 0.326831
41.1291 0.324977
41.1323 0.323355
41.1354 0.321936
41.1386 0.320694
41.1417 0.319607
41.1449 0.319031
41.1481 0.318652
41.1748 0.321071
41.178 0.320312
41.1811 0.319773
41.1843 0.319176
41.1875 0.318654
41.1906 0.318198
41.1938 0.317798
41.1969 0.317448
41.2001 0.317267
41.2032 0.316984
41.2064 0.316736
41.2095 0.316519
41.2127 0.316329
41.2158 0.316163
41.219 0.316017
41.2221 0.316015
41.2253 0.315888
41.2284 0.315777
41.2316 0.31568
41.2347 0.315595
41.2379 0.315521
41.241 0.315581
41.4459 0.316133
41.4491 0.317116
41.4522 0.317852
41.4554 0.318495
41.4585 0.319058
41.4617 0.319551
41.4648 0.319982
41.468 0.320359
41.4979 0.32394
41.5011 0.324322
41.5042 0.324657
41.5074 0.324825
41.5105 0.324972
41.5137 0.3251
41.5168 0.325213
41.52 0.325311
41.5231 0.325522
41.5263 0.325582
41.5294 0.325634
41.5326 0.32568
41.5357 0.32572
41.5389 0.325755
41.5421 0.325911
41.5452 0.326047
41.5484 0.326041
41.5515 0.326036
41.5547 0.326031
41.5578 0.326027
41.561 0.326024
41.5641 0.326146
41.5673 0.326128
41.7816 0.327362
41.7848 0.328817
41.7879 0.329964
41.7911 0.331094
41.7942 0.332082
41.7974 0.332947
41.8005 0.333704
41.8037 0.334366
41.832 0.338195
41.8352 0.338171
41.8383 0.338024
41.8415 0.337896
41.8446 0.337784
41.8478 0.337686
41.8509 0.3376
41.8541 0.33765
41.8573 0.337694
41.8604 0.337607
41.8636 0.337531
41.8667 0.337465
41.8699 0.337407
41.873 0.337481
41.8762 0.337546
41.8793 0.337478
41.8825 0.337418
41.8856 0.337366
41.8888 0.33732
41.8919 0.33728
41.8951 0.33737
41.8982 0.337449
41.9014 0.337393
41.9045 0.337344
42.1189 0.337301
42.4798 0.325388
42.4829 0.314965
42.6342 0.306594
42.6374 0.299145
42.6657 0.295752
42.6689 0.289658
42.672 0.28445
42.6752 0.279894
42.6783 0.275907
42.6815 0.272294
42.6847 0.269132
42.6878 0.266366
42.691 0.263945
42.6941 0.261952
42.6973 0.260208
42.7004 0.258557
42.7036 0.257112
42.7067 0.255848
42.7099 0.254742
42.713 0.253899
42.7162 0.253162
42.7193 0.252517
42.7225 0.251827
42.7256 0.251474
42.7288 0.251165
42.888 0.270394
42.8911 0.26872
42.8943 0.267255
42.9226 0.265973
42.9258 0.264851
42.9289 0.263745
42.9321 0.262902
42.9352 0.262164
42.9384 0.261894
42.9415 0.261657
42.9447 0.26145
42.9478 0.261269
42.951 0.26111
42.9541 0.260971
42.9573 0.26085
42.9605 0.260744
42.9636 0.260651
42.9668 0.260569
42.9699 0.260498
42.9731 0.260436
42.9762 0.260381
42.9794 0.260334
42.9825 0.260292
42.9857 0.260255
43.148 0.280099
43.1511 0.278086
43.1543 0.2762
43.1575 0.27455
43.1874 0.273357
43.1905 0.272312
43.1937 0.271398
43.1969 0.270473
43.2 0.269789
43.2032 0.26919
43.2063 0.268667
43.2095 0.268208
43.2126 0.267807
43.2158 0.267456
43.2189 0.267524
43.2221 0.267584
43.2252 0.267636
43.2284 0.267681
43.2315 0.267721
43.2347 0.267756
43.2378 0.267787
43.241 0.267688
43.2441 0.267727
43.2473 0.267761
43.2504 0.267791
43.4191 0.288567
43.4222 0.286871
43.4254 0.285262
43.4285 0.283855
43.4317 0.282623
43.4616 0.281545
43.4648 0.280602
43.4679 0.279777
43.4711 0.27918
43.4742 0.278532
43.4774 0.277966
43.4805 0.27747
43.4837 0.277036
43.4868 0.276657
43.49 0.276325
43.4931 0.276159
43.4963 0.275889
43.4994 0.275653
43.5026 0.275446
43.5057 0.275266
43.5089 0.275107
43.5121 0.275094
43.5152 0.275082
43.5184 0.275447
43.5215 0.275641
43.5247 0.275811
43.698 0.297335
43.7012 0.295418
43.7043 0.293741
43.7075 0.292273
43.7106 0.290989
43.7406 0.29324
43.7437 0.291835
43.7469 0.290606
43.75 0.289655
43.7532 0.288698
43.7563 0.287861
43.7595 0.287128
43.7626 0.286487
43.7658 0.285926
43.7689 0.285436
43.7721 0.285131
43.7752 0.28474
43.7784 0.284397
43.7815 0.284098
43.7847 0.283835
43.7879 0.283606
43.791 0.28353
43.7942 0.283339
43.7973 0.283172
43.8005 0.283025
43.8036 0.282897
43.8068 0.282785
43.9833 0.283062
43.9864 0.283304
43.9896 0.283516
43.9927 0.283702
43.9959 0.283864
44.0258 0.284006
44.029 0.28413
44.0321 0.284364
44.0353 0.284443
44.0384 0.284513
44.0416 0.284574
44.0447 0.284627
44.0479 0.284674
44.051 0.28484
44.0542 0.284985
44.0573 0.284986
44.0605 0.284988
44.0637 0.28499
44.0668 0.284991
44.07 0.284992
44.0731 0.285118
44.0763 0.285103
44.0794 0.28509
44.0826 0.285079
44.0857 0.285444
44.0889 0.285764
44.092 0.286168
44.2717 0.308522
44.2748 0.306332
44.278 0.304415
44.2811 0.302863
44.2843 0.301506
44.3158 0.303817
44.319 0.302465
44.3221 0.301407
44.3253 0.300356
44.3284 0.299437
44.3316 0.298632
44.3347 0.297928
44.3379 0.297312
44.341 0.296898
44.3442 0.296411
44.3473 0.295984
44.3505 0.295611
44.3536 0.295285
44.3568 0.294999
44.3599 0.294749
44.3631 0.294656
44.3662 0.294449
44.3694 0.294268
44.3725 0.294109
44.3757 0.293971
44.3789 0.293849
44.382 0.293868
44.3852 0.29376
44.5664 0.293915
44.5695 0.29405
44.5727 0.294169
44.5759 0.294148
44.579 0.294254
44.6105 0.294348
44.6137 0.294429
44.6168 0.294376
44.62 0.294329
44.6231 0.294412
44.6263 0.294486
44.6294 0.29455
44.6326 0.294606
44.6357 0.294531
44.6389 0.294464
44.642 0.294531
44.6452 0.29459
44.6483 0.294641
44.6515 0.294686
44.6547 0.294725
44.6578 0.294635
44.661 0.294555
44.6641 0.294611
44.6673 0.294659
44.6704 0.294702
44.6736 0.294739
44.6767 0.294647
44.6799 0.294566
44.8627 0.294745
44.8658 0.294902
44.869 0.295039
44.8721 0.295284
44.8753 0.295374
44.9068 0.295452
44.91 0.295521
44.9131 0.295706
44.9163 0.295867
44.9194 0.295884
44.9226 0.295898
44.9257 0.295911
44.9289 0.295922
44.932 0.296057
44.9352 0.296175
44.9383 0.296153
44.9415 0.296134
44.9446 0.296117
44.9478 0.296102
44.9509 0.29609
44.9541 0.296203
44.9572 0.296303
44.9604 0.296265
44.9635 0.296232
44.9667 0.296203
44.9699 0.296178
44.973 0.29628
44.9762 0.29637
45.159 0.296324
45.1621 0.296409
45.1653 0.296482
45.1684 0.296422
45.1716 0.296369
45.2031 0.296448
45.2063 0.296517
45.2094 0.296453
45.2126 0.296396
45.2157 0.296346
45.2189 0.296303
45.222 0.29639
45.2252 0.296466
45.2283 0.296408
45.2315 0.296357
45.2346 0.296313
45.2378 0.296273
45.2409 0.296239
45.2441 0.296334
45.2472 0.296418
45.2504 0.296365
45.2535 0.29632
45.2567 0.29628
45.2598 0.296245
45.263 0.296214
45.2661 0.296312
45.2693 0.296273
45.2724 0.296239
45.4553 0.296334
45.4584 0.296292
45.4616 0.296256
45.4647 0.296224
45.4679 0.296196
45.4994 0.296171
45.5025 0.29615
45.5057 0.296131
45.5088 0.296115
45.512 0.296101
45.5151 0.296213
45.5183 0.296186
45.5215 0.296163
45.5246 0.296143
45.5278 0.296125
45.5309 0.296109
45.5341 0.296221
45.5372 0.296318
45.5404 0.296278
45.5435 0.296243
45.5467 0.296213
45.5498 0.296186
45.553 0.296163
45.5561 0.296268
45.5593 0.296359
45.5624 0.296314
45.5656 0.296275
45.5687 0.296241
45.7515 0.296211
45.7547 0.296184
45.7579 0.296161
45.761 0.296266
45.7642 0.296358
45.7957 0.296313
45.7988 0.296274
45.802 0.29624
45.8051 0.296335
45.8083 0.296418
45.8114 0.296366
45.8146 0.29632
45.8177 0.29628
45.8209 0.296245
45.824 0.296339
45.8272 0.296422
45.8303 0.296369
45.8335 0.296323
45.8367 0.296283
45.8398 0.296247
45.843 0.296216
45.8461 0.296314
45.8493 0.2964
45.8524 0.29635
45.8556 0.296306
45.8587 0.296268
45.8619 0.296235
45.865 0.29633
46.0478 0.296289
46.051 0.296253
46.0541 0.296346
46.0573 0.296303
46.0604 0.296265
46.092 0.296232
46.0951 0.296328
46.0983 0.296412
46.1014 0.29636
46.1046 0.296315
46.1077 0.296276
46.1109 0.296241
46.114 0.296336
46.1172 0.296419
46.1203 0.296367
46.1235 0.296321
46.1266 0.296281
46.1298 0.296246
46.1329 0.296215
46.1361 0.296313
46.1392 0.296399
46.1424 0.296349
46.1455 0.296305
46.1487 0.296267
46.1519 0.296234
46.155 0.29633
46.1582 0.296413
46.1613 0.296362
46.3441 0.296442
46.3473 0.296511
46.3504 0.296447
46.3536 0.296392
46.3567 0.296343
46.3883 0.296425
46.3914 0.296372
46.3946 0.296325
46.3977 0.296285
46.4009 0.296249
46.404 0.296343
46.4072 0.296425
46.4103 0.296372
46.4135 0.296325
46.4166 0.296285
46.4198 0.296249
46.4229 0.296218
46.4261 0.296316
46.4292 0.296401
46.4324 0.296351
46.4355 0.296307
46.4387 0.296269
46.4418 0.296235
46.445 0.296206
46.4481 0.296305
46.4513 0.296267
46.4544 0.296234
46.4576 0.296204
46.6404 0.296179
46.6436 0.296156
46.6467 0.296137
46.6499 0.29612
46.653 0.29623
46.6845 0.296201
46.6877 0.296176
46.6908 0.296154
46.694 0.296135
46.6971 0.296243
46.7003 0.296213
46.7035 0.296186
46.7066 0.296163
46.7098 0.296142
46.7129 0.296125
46.7161 0.296234
46.7192 0.29633
46.7224 0.296289
46.7255 0.296252
46.7287 0.296221
46.7318 0.296193
46.735 0.296169
46.7381 0.296273
46.7413 0.296364
46.7444 0.296318
46.7476 0.296279
46.7507 0.296244
46.7539 0.296213
46.9367 0.296187
46.9399 0.296538
46.943 0.296971
46.9462 0.29735
46.9493 0.297681
46.9808 0.301346
46.984 0.301053
46.9871 0.300921
46.9903 0.300806
46.9934 0.300705
46.9966 0.300492
46.9997 0.300306
47.0029 0.300142
47.006 0.300125
47.0092 0.300109
47.0123 0.300095
47.0155 0.299958
47.0187 0.299839
47.0218 0.299734
47.025 0.299642
47.0281 0.299687
47.0313 0.299726
47.0344 0.29976
47.0376 0.299665
47.0407 0.299582
47.0439 0.299509
47.047 0.299571
47.0502 0.299624
47.2361 0.322546
47.2393 0.320103
47.2424 0.317965
47.2456 0.315969
47.2487 0.314223
47.2803 0.31632
47.2834 0.314655
47.2866 0.313198
47.2897 0.311799
47.2929 0.310574
47.296 0.309627
47.2992 0.308799
47.3023 0.308074
47.3055 0.30744
47.3086 0.30676
47.3118 0.306165
47.3149 0.305644
47.3181 0.305314
47.3212 0.305024
47.3244 0.304771
47.3275 0.30455
47.3307 0.304231
47.3339 0.303952
47.337 0.303833
47.3402 0.303729
47.3433 0.303638
47.3465 0.303558
47.3496 0.303363
47.3528 0.303193
47.5372 0.302919
47.5403 0.303054
47.5435 0.303172
47.5466 0.303276
47.5498 0.303366
47.5829 0.307195
47.586 0.307046
47.5892 0.306915
47.5923 0.306801
47.5955 0.306701
47.5986 0.306613
47.6018 0.306412
47.6049 0.306235
47.6081 0.306206
47.6112 0.30618
47.6144 0.306157
47.6175 0.306138
47.6207 0.306121
47.6238 0.305981
47.627 0.305858
47.6301 0.305876
47.6333 0.305891
47.6364 0.305905
47.6396 0.305917
47.6427 0.305802
47.6459 0.305702
47.6491 0.305739
47.6522 0.305772
47.6554 0.3058
47.8461 0.329325
47.8492 0.32716
47.8524 0.325265
47.8555 0.323607
47.8587 0.322156
47.8618 0.320886
47.8981 0.320275
47.9012 0.319616
47.9044 0.319039
47.9075 0.318534
47.9107 0.318092
47.9138 0.318081
47.917 0.318071
47.9201 0.318187
47.9233 0.318289
47.9264 0.318252
47.9296 0.318221
47.9327 0.318193
47.9359 0.318169
47.939 0.318273
47.9422 0.318364
47.9453 0.318443
47.9485 0.318388
47.9516 0.318339
47.9548 0.318297
47.9579 0.31826
47.9611 0.318352
47.9643 0.318433
47.9674 0.318379
47.9706 0.318332
48.1628 0.341915
48.166 0.339051
48.1691 0.33667
48.1723 0.334586
48.1754 0.332763
48.1786 0.331167
48.1817 0.329771
48.2227 0.32905
48.2259 0.328794
48.229 0.328694
48.2322 0.328608
48.2353 0.328532
48.2385 0.328465
48.2416 0.328407
48.2448 0.328356
48.2479 0.328187
48.2511 0.328163
48.2542 0.328143
48.2574 0.328125
48.2605 0.328109
48.2637 0.328096
48.2668 0.327959
48.27 0.327839
48.2731 0.327859
48.2763 0.327877
48.2795 0.327892
48.2826 0.327906
48.2858 0.327917
48.2889 0.327803
48.2921 0.327827
48.2952 0.327849
48.4938 0.352243
48.4969 0.349962
48.5001 0.348092
48.5032 0.346831
48.5064 0.345602
48.5095 0.344527
48.5127 0.343586
48.5159 0.342763
48.5584 0.347042
48.5616 0.346037
49.1541 0.334532
49.1573 0.324466
49.1604 0.315658
49.1636 0.30795
49.1667 0.301082
49.1699 0.295071
49.173 0.289937
49.1762 0.285445
49.1793 0.281515
49.1825 0.278075
49.1857 0.274941
49.1888 0.272198
49.3448 0.288923
49.348 0.285433
49.3511 0.282504
49.3543 0.279941
49.3574 0.277698
49.3606 0.275611
49.3637 0.273785
49.3669 0.272187
49.37 0.270913
49.3732 0.269799
49.4094 0.269199
49.4126 0.268674
49.4157 0.268215
49.4189 0.267688
49.4221 0.267727
49.4252 0.267761
49.4284 0.267791
49.4315 0.267817
49.4347 0.26784
49.4378 0.26786
49.441 0.267753
49.4441 0.267783
49.4473 0.267811
49.4504 0.267834
49.4536 0.267855
49.6143 0.287623
49.6175 0.285795
49.6206 0.284196
49.6238 0.283171
49.6269 0.28215
49.6301 0.281381
49.6332 0.280709
49.6364 0.28012
49.6395 0.279605
49.6427 0.279154
49.6458 0.278635
49.649 0.278181
49.6868 0.278033
49.69 0.277904
49.6931 0.277916
49.6963 0.277926
49.6994 0.277811
49.7026 0.277709
49.7057 0.277621
49.7089 0.277543
49.712 0.2776
49.7152 0.27765
49.7183 0.277694
49.7215 0.277607
49.7246 0.277531
49.7278 0.27784
49.7309 0.27811
49.9012 0.299346
49.9043 0.298178
49.9075 0.297156
49.9106 0.296261
49.9138 0.295479
49.9169 0.294794
49.9201 0.294194
49.9232 0.29367
49.9264 0.293211
49.9295 0.29281
49.9327 0.292459
49.9358 0.292151
49.939 0.291882
49.9784 0.291897
49.9815 0.29191
49.9847 0.291796
49.9878 0.291697
49.991 0.291985
49.9941 0.292362
49.9973 0.292691
50.0004 0.29298
50.0036 0.293232
50.0067 0.293328
50.0099 0.293412
50.0131 0.293611
50.0162 0.293784
50.0194 0.293936
50.0225 0.294069
