0.0 0
3.2537 0.253
3.51236 0.25375
3.51709 0.255031
3.52024 0.256527
3.52339 0.258211
3.52654 0.26006
3.72812 0.286927
3.78816 0.285562
3.79446 0.284491
3.79762 0.28393
3.80077 0.283439
3.80392 0.283009
3.80707 0.283133
3.81022 0.283241
4.01038 0.283086
4.07342 0.283325
4.07972 0.284285
4.08287 0.284749
4.08602 0.28528
4.08918 0.28612
4.09233 0.286855
4.09548 0.287498
4.09863 0.288436
4.10178 0.289132
4.10494 0.28974
4.30509 0.315398
4.30824 0.313223
4.37128 0.31132
4.37758 0.310405
4.38074 0.309229
4.38389 0.308201
4.38704 0.307801
4.39019 0.307326
4.39334 0.30691
4.3965 0.306921
4.39965 0.306931
4.4028 0.30694
4.40602 0.307447
4.4091 0.307891
4.41226 0.30828
4.41541 0.308995
4.41856 0.309621
4.61871 0.310043
4.62186 0.310788
4.62502 0.311564
4.68806 0.312244
4.69436 0.313588
4.69751 0.31439
4.70066 0.315091
4.70382 0.31608
4.70697 0.316945
4.71012 0.317702
4.71327 0.318739
4.71642 0.319646
4.71958 0.320441
4.72273 0.321511
4.72588 0.322447
4.72903 0.323391
4.73218 0.324592
4.73534 0.325643
4.74006 0.326688
4.74322 0.327977
4.74637 0.329105
4.74952 0.330092
5.48078 0.31208
5.48394 0.296195
5.48709 0.282421
5.49024 0.270368
5.49339 0.259822
5.49654 0.250594
5.4997 0.24252
5.50285 0.235455
5.63523 0.245398
5.63838 0.237973
5.64154 0.231477
5.64469 0.225792
5.64784 0.220818
5.65099 0.216341
5.65414 0.212548
5.6573 0.20923
5.66045 0.206326
5.6636 0.203785
5.66675 0.201562
5.6699 0.199617
5.67306 0.197915
5.67621 0.196425
5.67936 0.195122
5.68251 0.193982
5.68566 0.192984
5.8212 0.208736
5.82435 0.206269
5.8275 0.204111
5.83066 0.202222
5.83381 0.200569
5.83696 0.199123
5.84011 0.197982
5.84326 0.19686
5.84642 0.195877
5.84957 0.195018
5.85272 0.194265
5.85587 0.193607
5.85902 0.193156
5.86218 0.192637
5.86533 0.192182
5.86848 0.191784
5.87163 0.191436
5.87478 0.191132
6.00717 0.19049
6.01032 0.189929
6.01347 0.189438
6.01662 0.189008
6.01978 0.188632
6.02293 0.188303
6.02608 0.188015
6.02923 0.187763
6.03238 0.187543
6.03554 0.18735
6.03869 0.187181
6.04184 0.187034
6.04499 0.186779
6.04814 0.186682
6.0513 0.186597
6.05445 0.186522
6.0576 0.186457
6.06075 0.1864
6.19629 0.186725
6.19944 0.187009
6.20259 0.187258
6.20574 0.187476
6.2089 0.187666
6.21205 0.187958
6.2152 0.188088
6.21835 0.188202
6.2215 0.188302
6.22466 0.188389
6.22781 0.188466
6.23096 0.188532
6.23411 0.188716
6.23726 0.189251
6.24042 0.189595
6.24357 0.189896
6.24672 0.190159
6.24987 0.190389
6.38856 0.20759
6.39171 0.206016
6.39486 0.204639
6.39802 0.203559
6.40117 0.202615
6.40432 0.201788
6.40747 0.200939
6.41062 0.200197
6.41378 0.199547
6.41693 0.198979
6.42008 0.198606
6.42323 0.198281
6.42638 0.197996
6.42954 0.197621
6.43269 0.197293
6.43584 0.197007
6.43899 0.196756
6.44214 0.196661
6.58398 0.213829
6.58714 0.211975
6.59029 0.210353
6.59344 0.208934
6.59659 0.207567
6.59974 0.206371
6.6029 0.205325
6.60605 0.204534
6.6092 0.203843
6.61235 0.203237
6.6155 0.202708
6.61866 0.202119
6.62181 0.201604
6.62496 0.201154
6.62811 0.200885
6.63126 0.200649
6.63442 0.200443
6.63757 0.200262
6.64072 0.19998
6.77941 0.199482
6.78256 0.198922
6.78571 0.198432
6.78886 0.198003
6.79202 0.197752
6.79517 0.197533
6.79832 0.197342
6.80147 0.197049
6.80462 0.196793
6.80778 0.196569
6.81093 0.196373
6.81408 0.196326
6.81723 0.196285
6.82038 0.19625
6.82354 0.196093
6.82669 0.195957
6.82984 0.195837
6.83299 0.195733
6.83614 0.195766
6.97483 0.19567
6.97798 0.195586
6.98114 0.195638
6.98429 0.195683
6.98744 0.195598
6.99059 0.195523
6.99374 0.195458
6.9969 0.195401
7.00005 0.195475
7.0032 0.195541
7.00635 0.195598
7.0095 0.195524
7.01266 0.195458
7.01581 0.195401
7.01896 0.195351
7.02211 0.195432
7.02526 0.195503
7.02842 0.195565
7.03157 0.195494
7.17341 0.195933
7.17656 0.196316
7.17971 0.197027
7.18286 0.197523
7.18602 0.198083
7.18917 0.198572
7.19232 0.199001
7.19547 0.199376
7.19862 0.199704
7.20178 0.199866
7.20493 0.200008
7.20808 0.200257
7.21123 0.200475
7.21438 0.200665
7.21754 0.200832
7.22069 0.200978
7.22384 0.200981
7.22699 0.200983
7.23014 0.20111
7.37514 0.218972
7.37829 0.217225
7.38144 0.215697
7.38459 0.21436
7.38774 0.21319
7.3909 0.212041
7.39405 0.211161
7.3972 0.210391
7.40035 0.209717
7.4035 0.209127
7.40666 0.208611
7.40981 0.20816
7.41296 0.20764
7.41611 0.20731
7.41926 0.207021
7.42242 0.206769
7.42557 0.206548
7.42872 0.206354
7.43187 0.206185
7.58002 0.224162
7.58317 0.222142
7.58632 0.220374
7.58947 0.218827
7.59262 0.217474
7.59578 0.216289
7.59893 0.215253
7.60208 0.214347
7.60523 0.213553
7.60838 0.212859
7.61154 0.212252
7.61469 0.21172
7.61784 0.211255
7.62099 0.210848
7.62414 0.210492
7.6273 0.210181
7.63045 0.209908
7.6336 0.20967
7.63675 0.209461
7.6399 0.209278
7.7849 0.208619
7.78805 0.208166
7.7912 0.20777
7.79435 0.207424
7.7975 0.207121
7.80066 0.206856
7.80381 0.206624
7.80696 0.206296
7.81011 0.206134
7.81326 0.205992
7.81642 0.205868
7.81957 0.20576
7.82272 0.205665
7.82587 0.205582
7.82902 0.205509
7.83218 0.205445
7.83533 0.20539
7.83848 0.205341
7.84163 0.205298
7.84478 0.205261
7.99293 0.205603
7.99608 0.205903
7.99923 0.206165
8.00238 0.206394
8.00554 0.206595
8.00869 0.206771
8.01184 0.206924
8.01499 0.207059
8.01814 0.207177
8.0213 0.207279
8.02445 0.207745
8.0276 0.208151
8.03075 0.208508
8.0339 0.208819
8.03706 0.209217
8.04021 0.20944
8.04336 0.209635
8.04651 0.209805
8.04966 0.209955
8.05282 0.210085
8.20411 0.228825
8.20726 0.227097
8.21042 0.22546
8.21357 0.224027
8.21672 0.222774
8.21987 0.221677
8.22302 0.220842
8.22618 0.220112
8.22933 0.219473
8.23248 0.218789
8.23563 0.21819
8.23878 0.217667
8.24194 0.217208
8.24509 0.216932
8.24824 0.216691
8.25139 0.216354
8.25454 0.21606
8.2577 0.215803
8.26085 0.215577
8.264 0.215505
8.41687 0.234067
8.42002 0.231809
8.42318 0.229832
8.42633 0.228103
8.42948 0.22659
8.43263 0.225267
8.43578 0.224108
8.43894 0.22297
8.44209 0.222099
8.44524 0.221336
8.44839 0.220669
8.45154 0.220086
8.4547 0.219575
8.45785 0.219128
8.461 0.218737
8.46415 0.218395
8.4673 0.218096
8.47046 0.217834
8.47361 0.217604
8.47676 0.217404
8.47991 0.217103
8.63278 0.216965
8.63594 0.21672
8.63909 0.21663
8.64224 0.216551
8.64539 0.216482
8.64854 0.216422
8.6517 0.216369
8.65485 0.216323
8.658 0.216283
8.66115 0.216247
8.6643 0.216216
8.66746 0.216189
8.67061 0.216166
8.67376 0.216145
8.67691 0.216002
8.68006 0.216002
8.68322 0.216001
8.68637 0.216001
8.68952 0.216001
8.69267 0.216001
8.69582 0.216001
8.8487 0.216001
8.85185 0.216001
8.855 0.216001
8.85815 0.216
8.8613 0.216
8.86446 0.216
8.86761 0.216
8.87076 0.216
8.87391 0.215875
8.87706 0.215891
8.88022 0.215904
8.88337 0.215916
8.88652 0.215927
8.88967 0.215936
8.89282 0.215944
8.89598 0.215826
8.89913 0.215848
8.90228 0.216242
8.90543 0.216587
8.90858 0.216888
8.91174 0.217152
9.06776 0.236508
9.07091 0.234695
9.07406 0.233233
9.07722 0.231829
9.08037 0.2306
9.08352 0.229525
9.08667 0.228584
9.08982 0.227761
9.09298 0.227041
9.09613 0.226536
9.09928 0.225969
9.10243 0.225473
9.10558 0.225039
9.10874 0.224659
9.11189 0.224327
9.11504 0.224161
9.11819 0.224016
9.12134 0.223764
9.1245 0.223543
9.12765 0.22335
9.1308 0.223182
9.28998 0.242534
9.29313 0.240467
9.29628 0.238659
9.29943 0.236951
9.30258 0.235457
9.30574 0.23415
9.30889 0.233006
9.31204 0.232131
9.31519 0.231364
9.31834 0.230694
9.3215 0.229982
9.32465 0.229359
9.3278 0.228814
9.33095 0.228338
9.3341 0.228045
9.33726 0.22779
9.34041 0.227441
9.34356 0.227136
9.34671 0.226869
9.34986 0.226635
9.35302 0.226556
9.51219 0.245986
9.51534 0.243488
9.5185 0.241177
9.52165 0.239155
9.5248 0.237386
9.52795 0.235837
9.5311 0.234608
9.53426 0.233532
9.53741 0.232465
9.54056 0.231532
9.54371 0.230716
9.54686 0.230001
9.55002 0.229501
9.55317 0.229063
9.55632 0.22868
9.55947 0.22822
9.56262 0.227818
9.56578 0.227466
9.56893 0.227157
9.57208 0.227013
9.57523 0.226886
9.57838 0.22665
9.73598 0.226194
9.73914 0.22592
9.74229 0.22568
9.74544 0.22547
9.74859 0.225286
9.75174 0.225125
9.7549 0.22486
9.75805 0.224752
9.7612 0.224658
9.76435 0.224576
9.7675 0.224504
9.77066 0.224441
9.77381 0.224261
9.77696 0.224103
9.78011 0.22409
9.78326 0.224079
9.78642 0.224069
9.78957 0.224061
9.79272 0.224053
9.79587 0.223921
9.79902 0.223931
9.80218 0.22394
9.96293 0.224322
9.96608 0.224657
9.96923 0.22495
9.97238 0.225206
9.97554 0.22543
9.97869 0.225627
9.98184 0.225798
9.98499 0.225823
9.98814 0.226346
9.9913 0.226802
9.99445 0.227202
9.9976 0.227552
10.0008 0.227858
10.0039 0.228126
10.0071 0.228485
10.0102 0.228674
10.0134 0.22884
10.0165 0.228985
10.0197 0.229112
10.0228 0.229223
10.026 0.22932
10.0291 0.229405
10.193 0.249604
10.1962 0.247654
10.1993 0.245822
10.2025 0.244219
10.2056 0.242817
10.2088 0.24159
10.2119 0.240516
10.2151 0.239702
10.2182 0.238989
10.2214 0.23824
10.2245 0.237585
10.2277 0.237012
10.2308 0.236511
10.234 0.236197
10.2372 0.235922
10.2403 0.235557
10.2435 0.235237
10.2466 0.234958
10.2498 0.234713
10.2529 0.234499
10.2561 0.234436
10.2592 0.234382
10.4263 0.254709
10.4294 0.252371
10.4326 0.250324
10.4357 0.248534
10.4389 0.246967
10.442 0.245721
10.4452 0.244631
10.4483 0.243677
10.4515 0.242717
10.4546 0.241878
10.4578 0.241143
10.4609 0.2405
10.4641 0.240063
10.4672 0.23968
10.4704 0.23922
10.4736 0.238817
10.4767 0.238465
10.4799 0.238157
10.483 0.238012
10.4862 0.237886
10.4893 0.237775
10.4925 0.237553
10.4956 0.237359
10.6595 0.236814
10.6627 0.236337
10.6658 0.23592
10.669 0.235555
10.6721 0.235361
10.6753 0.235066
10.6784 0.234807
10.6816 0.234582
10.6847 0.234384
10.6879 0.234211
10.691 0.234185
10.6942 0.234161
10.6973 0.234016
10.7005 0.233889
10.7036 0.233778
10.7068 0.233681
10.71 0.233596
10.7131 0.233646
10.7163 0.233565
10.7194 0.233495
10.7226 0.233433
10.7257 0.233379
10.7289 0.233331
10.8943 0.23354
10.8975 0.233723
10.9006 0.233882
10.9038 0.234022
10.907 0.234019
10.9101 0.234142
10.9133 0.234249
10.9164 0.234343
10.9196 0.234425
10.9227 0.234497
10.9259 0.234435
10.929 0.234505
10.9322 0.234567
10.9353 0.234621
10.9385 0.234669
10.9416 0.23471
10.9448 0.234746
10.9479 0.235153
10.9511 0.235509
10.9542 0.23582
10.9574 0.236093
10.9605 0.236331
10.9637 0.23654
11.1323 0.257472
11.1355 0.255413
11.1386 0.253612
11.1418 0.252035
11.1449 0.250656
11.1481 0.249574
11.1512 0.248502
11.1544 0.247564
11.1575 0.246744
11.1607 0.246026
11.1638 0.245398
11.167 0.244848
11.1701 0.244367
11.1733 0.243946
11.1764 0.243578
11.1796 0.243256
11.1828 0.242974
11.1859 0.242727
11.1891 0.242636
11.1922 0.242432
11.1954 0.242253
11.1985 0.242096
11.2017 0.241959
11.3734 0.262964
11.3766 0.260594
11.3798 0.258519
11.3829 0.256704
11.3861 0.255241
11.3892 0.253961
11.3924 0.252716
11.3955 0.251627
11.3987 0.250673
11.4018 0.249839
11.405 0.249109
11.4081 0.248596
11.4113 0.248146
11.4144 0.247628
11.4176 0.247174
11.4207 0.246778
11.4239 0.24643
11.427 0.246252
11.4302 0.246095
11.4333 0.245833
11.4365 0.245604
11.4396 0.245404
11.4428 0.245228
11.4459 0.245075
11.6177 0.24494
11.6209 0.244823
11.624 0.244845
11.6272 0.244864
11.6303 0.244756
11.6335 0.244662
11.6366 0.244579
11.6398 0.244507
11.6429 0.244443
11.6461 0.244513
11.6492 0.244574
11.6524 0.244502
11.6556 0.244439
11.6587 0.244384
11.6619 0.244336
11.665 0.244419
11.6682 0.244492
11.6713 0.24443
11.6745 0.244377
11.6776 0.24433
11.6808 0.244288
11.6839 0.244252
11.6871 0.244346
11.6902 0.244428
11.862 0.244499
11.8652 0.244562
11.8683 0.244491
11.8715 0.24443
11.8746 0.244376
11.8778 0.244329
11.8809 0.244288
11.8841 0.244377
11.8872 0.244455
11.8904 0.244398
11.8935 0.244348
11.8967 0.244305
11.8998 0.244267
11.903 0.244233
11.9061 0.244329
11.9093 0.244288
11.9124 0.244252
11.9156 0.244221
11.9187 0.244193
11.9219 0.244169
11.925 0.244273
11.9282 0.244364
11.9314 0.244318
11.9345 0.244278
12.1094 0.266119
12.1126 0.264104
12.1157 0.262341
12.1189 0.260798
12.122 0.259573
12.1252 0.258502
12.1284 0.257564
12.1315 0.256744
12.1347 0.255901
12.1378 0.255163
12.141 0.254518
12.1441 0.254078
12.1473 0.253693
12.1504 0.253357
12.1536 0.253062
12.1567 0.252679
12.1599 0.252344
12.163 0.252176
12.1662 0.252029
12.1693 0.251901
12.1725 0.251788
12.1756 0.251565
12.1788 0.251369
12.1819 0.251198
12.3584 0.272798
12.3616 0.270198
12.3648 0.267924
12.3679 0.265933
12.3711 0.264316
12.3742 0.262777
12.3774 0.26143
12.3805 0.260251
12.3837 0.25922
12.3868 0.258317
12.39 0.257528
12.3931 0.256962
12.3963 0.256341
12.3994 0.255799
12.4026 0.255324
12.4057 0.254908
12.4089 0.254545
12.412 0.254352
12.4152 0.254058
12.4183 0.253801
12.4215 0.253575
12.4246 0.253379
12.4278 0.253206
12.4309 0.253055
12.6106 0.275049
12.6138 0.272542
12.6169 0.27035
12.6201 0.268556
12.6232 0.266986
12.6264 0.265488
12.6295 0.264177
12.6327 0.26303
12.6358 0.262026
12.639 0.261148
12.6421 0.260504
12.6453 0.259941
12.6484 0.259324
12.6516 0.258783
12.6547 0.25831
12.6579 0.257897
12.661 0.257659
12.6642 0.257452
12.6673 0.257146
12.6705 0.256877
12.6736 0.256643
12.6768 0.256437
12.68 0.256258
12.6831 0.256225
12.6863 0.256197
12.8628 0.255673
12.8659 0.255214
12.8691 0.254937
12.8722 0.25457
12.8754 0.254249
12.8785 0.253967
12.8817 0.253722
12.8848 0.253506
12.888 0.253318
12.8911 0.253278
12.8943 0.253119
12.8974 0.252979
12.9006 0.252856
12.9037 0.252749
12.9069 0.252656
12.91 0.252699
12.9132 0.252611
12.9164 0.252535
12.9195 0.252468
12.9227 0.25241
12.9258 0.252358
12.929 0.252314
12.9321 0.252399
12.9353 0.252349
12.9384 0.252306
13.1165 0.252518
13.1197 0.252703
13.1228 0.25274
13.126 0.252772
13.1291 0.252926
13.1323 0.25306
13.1354 0.253178
13.1386 0.25328
13.1417 0.25337
13.1449 0.253324
13.148 0.253409
13.1512 0.253483
13.1543 0.253547
13.1575 0.253604
13.1606 0.253653
13.1638 0.253572
13.1669 0.253875
13.1701 0.254266
13.1732 0.254608
13.1764 0.254907
13.1795 0.255168
13.1827 0.255397
13.1858 0.255598
13.189 0.255773
13.1922 0.255926
13.3734 0.278311
13.3765 0.276022
13.3797 0.274019
13.3828 0.272267
13.386 0.270858
13.3892 0.269501
13.3923 0.268313
13.3955 0.267274
13.3986 0.266365
13.4018 0.265569
13.4049 0.264873
13.4081 0.264264
13.4112 0.263731
13.4144 0.263265
13.4175 0.262857
13.4207 0.262499
13.4238 0.262187
13.427 0.261914
13.4301 0.261674
13.4333 0.261465
13.4364 0.261282
13.4396 0.261122
13.4427 0.260982
13.4459 0.260859
13.449 0.260751
13.6334 0.283283
13.6366 0.280747
13.6397 0.278529
13.6429 0.276588
13.646 0.275014
13.6492 0.273512
13.6523 0.272198
13.6555 0.271049
13.6586 0.270043
13.6618 0.269162
13.665 0.268392
13.6681 0.267843
13.6713 0.267238
13.6744 0.266708
13.6776 0.266244
13.6807 0.265839
13.6839 0.265484
13.687 0.265298
13.6902 0.265136
13.6933 0.264869
13.6965 0.264636
13.6996 0.264431
13.7028 0.264252
13.7059 0.264096
13.7091 0.264084
13.7122 0.263948
13.8966 0.26383
13.8998 0.263726
13.9029 0.263635
13.9061 0.263681
13.9092 0.263596
13.9124 0.263521
13.9155 0.263456
13.9187 0.263399
13.9218 0.263349
13.925 0.263306
13.9281 0.263392
13.9313 0.263343
13.9344 0.2633
13.9376 0.263263
13.9408 0.26323
13.9439 0.263201
13.9471 0.263301
13.9502 0.263263
13.9534 0.263231
13.9565 0.263202
13.9597 0.263176
13.9628 0.263154
13.966 0.263135
13.9691 0.263243
13.9723 0.263213
13.9754 0.263186
14.1598 0.263163
14.163 0.263143
14.1661 0.26325
14.1693 0.263219
14.1724 0.263191
14.1756 0.263167
14.1787 0.263146
14.1819 0.263128
14.185 0.263237
14.1882 0.263332
14.1913 0.263291
14.1945 0.263255
14.1976 0.263223
14.2008 0.263195
14.2039 0.263171
14.2071 0.263274
14.2102 0.26324
14.2134 0.26321
14.2166 0.263184
14.2197 0.263161
14.2229 0.263141
14.226 0.263248
14.2292 0.263342
14.2323 0.263299
14.2355 0.263262
14.2386 0.263229
14.4246 0.263451
14.4277 0.263644
14.4309 0.263689
14.434 0.264228
14.4372 0.264699
14.4403 0.265112
14.4435 0.265473
14.4466 0.265789
14.4498 0.266065
14.453 0.266182
14.4561 0.266409
14.4593 0.266608
14.4624 0.266782
14.4656 0.266934
14.4687 0.267068
14.4719 0.267184
14.475 0.267286
14.4782 0.267375
14.4813 0.267453
14.4845 0.267522
14.4876 0.267581
14.4908 0.267634
14.4939 0.267555
14.4971 0.26761
14.5002 0.267659
14.5034 0.267702
14.6925 0.290989
14.6957 0.28849
14.6988 0.286304
14.702 0.284391
14.7051 0.282717
14.7083 0.281252
14.7114 0.279971
14.7146 0.27885
14.7177 0.277868
14.7209 0.27701
14.724 0.276384
14.7272 0.275711
14.7303 0.275122
14.7335 0.274607
14.7366 0.274156
14.7398 0.273761
14.7429 0.273416
14.7461 0.273114
14.7492 0.27285
14.7524 0.272619
14.7555 0.272416
14.7587 0.272239
14.7618 0.272084
14.765 0.272074
14.7682 0.27194
14.7713 0.271822
14.9604 0.294969
14.9636 0.291973
14.9667 0.289352
14.9699 0.287058
14.973 0.285175
14.9762 0.283403
14.9793 0.281853
14.9825 0.280496
14.9856 0.279309
14.9888 0.278271
14.9919 0.277362
14.9951 0.276567
14.9982 0.275871
15.0014 0.275262
15.0046 0.274729
15.0077 0.274263
15.0109 0.273855
15.014 0.273623
15.0172 0.273295
15.0203 0.273008
15.0235 0.272757
15.0266 0.272538
15.0298 0.272345
15.0329 0.272177
15.0361 0.27203
15.0392 0.271901
15.0424 0.271789
15.2331 0.27194
15.2362 0.272073
15.2394 0.272189
15.2425 0.27229
15.2457 0.272254
15.2488 0.272222
15.252 0.272194
15.2551 0.272295
15.2583 0.272383
15.2614 0.27246
15.2646 0.272528
15.2677 0.272462
15.2709 0.272404
15.274 0.272479
15.2772 0.272544
15.2804 0.272601
15.2835 0.272651
15.2867 0.272569
15.2898 0.272498
15.293 0.272436
15.2961 0.272506
15.2993 0.272568
15.3024 0.272622
15.3056 0.272669
15.3087 0.272586
15.3119 0.272512
15.315 0.272573
15.5057 0.272502
15.5089 0.272439
15.512 0.272509
15.5152 0.27257
15.5183 0.272624
15.5215 0.272671
15.5246 0.272712
15.5278 0.272623
15.5309 0.272545
15.5341 0.272602
15.5372 0.272652
15.5404 0.27307
15.5435 0.273437
15.5467 0.273757
15.5498 0.273912
15.553 0.274173
15.5562 0.274402
15.5593 0.274601
15.5625 0.274776
15.5656 0.274929
15.5688 0.275063
15.5719 0.275055
15.5751 0.275173
15.5782 0.275277
15.5814 0.275367
15.5845 0.275446
15.5877 0.275515
15.7815 0.299326
15.7847 0.296785
15.7878 0.294562
15.791 0.292492
15.7941 0.290805
15.7973 0.28933
15.8004 0.288038
15.8036 0.286909
15.8067 0.28592
15.8099 0.285055
15.813 0.284298
15.8162 0.283636
15.8193 0.283056
15.8225 0.282549
15.8256 0.282106
15.8288 0.281717
15.832 0.281253
15.8351 0.280971
15.8383 0.280725
15.8414 0.280509
15.8446 0.280321
15.8477 0.280155
15.8509 0.280011
15.854 0.279885
15.8572 0.279774
15.8603 0.279677
15.8635 0.279593
16.0605 0.303769
16.0636 0.301047
16.0668 0.298667
16.0699 0.296583
16.0731 0.294885
16.0762 0.293275
16.0794 0.291865
16.0825 0.290632
16.0857 0.289553
16.0888 0.288609
16.092 0.287783
16.0951 0.28706
16.0983 0.286428
16.1014 0.285874
16.1046 0.28539
16.1078 0.284966
16.1109 0.284595
16.1141 0.284396
16.1172 0.284096
16.1204 0.283834
16.1235 0.283605
16.1267 0.283404
16.1298 0.283229
16.133 0.283075
16.1361 0.282941
16.1393 0.282823
16.1424 0.28272
16.1456 0.28263
16.341 0.282427
16.3442 0.282248
16.3473 0.282092
16.3505 0.281956
16.3536 0.281711
16.3568 0.281497
16.3599 0.28131
16.3631 0.281271
16.3662 0.281237
16.3694 0.281208
16.3725 0.281182
16.3757 0.281034
16.3788 0.280905
16.382 0.280792
16.3851 0.280818
16.3883 0.280841
16.3914 0.28086
16.3946 0.280753
16.3977 0.280659
16.4009 0.280576
16.404 0.280629
16.4072 0.280676
16.4103 0.280716
16.4135 0.280752
16.4166 0.280658
16.4198 0.280576
16.423 0.280504
16.4261 0.280566
16.6247 0.28087
16.6278 0.281136
16.631 0.281369
16.6341 0.281698
16.6373 0.281986
16.6404 0.282238
16.6436 0.282458
16.6467 0.282526
16.6499 0.282585
16.653 0.282762
16.6562 0.282917
16.6594 0.283052
16.6625 0.283171
16.6657 0.283274
16.6688 0.28324
16.672 0.28321
16.6751 0.283309
16.6783 0.283395
16.6814 0.283471
16.6846 0.283912
16.6877 0.284298
16.6909 0.284511
16.694 0.284822
16.6972 0.285094
16.7003 0.285332
16.7035 0.285541
16.7066 0.285723
16.7098 0.285883
16.9084 0.310397
16.9115 0.307473
16.9147 0.304914
16.9178 0.302674
16.921 0.30059
16.9241 0.298891
16.9273 0.297405
16.9304 0.296104
16.9336 0.294966
16.9367 0.293971
16.9399 0.292974
16.943 0.292227
16.9462 0.291574
16.9493 0.291002
16.9525 0.290502
16.9556 0.290064
16.9588 0.289681
16.9619 0.289221
16.9651 0.288943
16.9682 0.2887
16.9714 0.288488
16.9746 0.288302
16.9777 0.288139
16.9809 0.287872
16.984 0.287763
16.9872 0.287667
16.9903 0.287584
16.9935 0.287511
17.195 0.312322
17.1968 0.309282
17.1999 0.306622
17.2031 0.304419
17.2062 0.302492
17.2094 0.300805
17.2125 0.299204
17.2157 0.297804
17.2188 0.296578
17.222 0.295506
17.2251 0.294693
17.2283 0.293981
17.2314 0.293234
17.2346 0.292579
17.2377 0.292007
17.2409 0.291506
17.244 0.291193
17.2472 0.290919
17.2504 0.290679
17.2535 0.290344
17.2567 0.290051
17.2598 0.289795
17.263 0.28957
17.2661 0.289499
17.2693 0.289437
17.2724 0.289257
17.2756 0.2891
17.2787 0.288962
17.2819 0.288842
17.4836 0.288737
17.4868 0.288895
17.4899 0.289033
17.4931 0.289154
17.4962 0.28926
17.4994 0.289352
17.5025 0.289433
17.5057 0.289504
17.5088 0.289566
17.512 0.28962
17.5151 0.289668
17.5183 0.289709
17.5214 0.289746
17.5246 0.289777
17.5277 0.289805
17.5309 0.28983
17.534 0.289851
17.5372 0.28987
17.5403 0.289886
17.5435 0.2899
17.5466 0.289913
17.5498 0.289924
17.5529 0.289933
17.5561 0.289941
17.5592 0.289949
17.5624 0.289955
17.5656 0.289961
17.5687 0.289966
17.5719 0.28997
17.7752 0.290224
17.7783 0.290446
17.7815 0.29064
17.7846 0.290685
17.7878 0.290724
17.7909 0.290759
17.7941 0.290914
17.7972 0.29105
17.8004 0.291169
17.8035 0.291272
17.8067 0.291238
17.8098 0.291209
17.813 0.291183
17.8161 0.291285
17.8193 0.291374
17.8224 0.291452
17.8256 0.291396
17.8287 0.291346
17.8319 0.291303
17.835 0.29139
17.8382 0.291466
17.8414 0.291533
17.8445 0.291591
17.8477 0.291518
17.8508 0.291453
17.854 0.291396
17.8571 0.291472
17.8603 0.291538
17.8634 0.291596
18.0667 0.291521
18.0699 0.291456
18.073 0.291524
18.0762 0.291583
18.0793 0.291636
18.0825 0.291681
18.0856 0.291596
18.0888 0.291521
18.0919 0.291456
18.0951 0.291524
18.0982 0.291584
18.1014 0.291636
18.1045 0.291681
18.1077 0.292096
18.1108 0.292334
18.114 0.292667
18.1172 0.292959
18.1203 0.293214
18.1235 0.293437
18.1266 0.293633
18.1298 0.293679
18.1329 0.293719
18.1361 0.293879
18.1392 0.294019
18.1424 0.294142
18.1455 0.294249
18.1487 0.294343
18.1518 0.2943
18.155 0.294262
18.3566 0.319105
18.363 0.316342
18.3662 0.313924
18.3693 0.311683
18.3725 0.309723
18.3756 0.308008
18.3788 0.306507
18.3819 0.305193
18.3851 0.304169
18.3882 0.303273
18.3914 0.302364
18.3945 0.301568
18.3977 0.300872
18.4008 0.300263
18.404 0.29973
18.4071 0.299389
18.4103 0.298965
18.4134 0.298595
18.4166 0.29827
18.4197 0.297987
18.4229 0.297738
18.426 0.297646
18.4292 0.297565
18.4324 0.29737
18.4355 0.297198
18.4387 0.297049
18.4418 0.296918
18.445 0.296803
18.4481 0.296827
18.4513 0.296849
18.6609 0.297743
18.664 0.29815
18.6672 0.298506
18.6703 0.298818
18.6735 0.299091
18.6766 0.299329
18.6798 0.299538
18.6829 0.299721
18.6861 0.299881
18.6892 0.300021
18.6924 0.300143
18.6955 0.30025
18.6987 0.300344
18.7018 0.300426
18.705 0.300623
18.7082 0.30067
18.7113 0.300711
18.7145 0.300747
18.7176 0.300779
18.7208 0.300806
18.7239 0.300831
18.7271 0.300852
18.7302 0.30087
18.7334 0.300887
18.7365 0.300901
18.7397 0.300913
18.7428 0.300924
18.746 0.300934
18.7491 0.300942
18.7523 0.300949
18.9603 0.30083
18.9635 0.300602
18.9666 0.300401
18.9698 0.300226
18.9729 0.300073
18.9761 0.300064
18.9792 0.300056
18.9824 0.300049
18.9855 0.299918
18.9887 0.299803
18.9918 0.299703
18.995 0.299615
18.9981 0.299663
19.0013 0.299705
19.0044 0.299617
19.0076 0.29954
19.0107 0.299472
19.0139 0.299413
19.017 0.299487
19.0202 0.299551
19.0234 0.299607
19.0265 0.299531
19.0297 0.299465
19.0328 0.299407
19.036 0.299356
19.0391 0.299436
19.0423 0.299507
19.0454 0.299568
19.0486 0.299497
19.0517 0.299435
19.2629 0.299756
19.2661 0.300161
19.2692 0.300516
19.2724 0.300827
19.2755 0.301098
19.2787 0.301211
19.2818 0.30131
19.285 0.301396
19.2881 0.301596
19.2913 0.301772
19.2944 0.301925
19.2976 0.30206
19.3007 0.302052
19.3039 0.302046
19.307 0.302165
19.3102 0.302269
19.3133 0.302361
19.3165 0.302441
19.3196 0.302386
19.3228 0.302337
19.3259 0.302295
19.3291 0.302383
19.3322 0.30246
19.3354 0.302528
19.3386 0.302587
19.3417 0.302513
19.3449 0.302449
19.348 0.302518
19.3512 0.302578
19.3543 0.302631
19.5655 0.302677
19.5686 0.303093
19.5718 0.303331
19.575 0.30354
19.5781 0.303847
19.5813 0.304116
19.5844 0.304352
19.5876 0.304558
19.5907 0.304738
19.5939 0.304771
19.597 0.304924
19.6002 0.305059
19.6033 0.305177
19.6065 0.305279
19.6096 0.30537
19.6128 0.305323
19.6159 0.305283
19.6191 0.305373
19.6222 0.305451
19.6254 0.30552
19.6285 0.30558
19.6317 0.305632
19.6348 0.305553
19.638 0.305484
19.6411 0.305549
19.6443 0.305605
19.6474 0.305654
19.6506 0.305698
19.6538 0.30561
19.6569 0.305534
19.8585 0.330342
19.8728 0.327425
19.876 0.324871
19.8791 0.322763
19.8823 0.320917
19.8854 0.319178
19.8886 0.317655
19.8917 0.316323
19.8949 0.315158
19.898 0.314263
19.9012 0.31348
19.9043 0.31267
19.9075 0.311962
19.9106 0.311341
19.9138 0.310799
19.9169 0.310324
19.9201 0.310033
19.9232 0.309779
19.9264 0.309432
19.9296 0.309128
19.9327 0.308862
19.9359 0.308629
19.939 0.30855
19.9422 0.308482
19.9453 0.308421
19.9485 0.308244
19.9516 0.308088
19.9548 0.307952
19.9579 0.307833
19.9611 0.307854
19.9642 0.307872
20.1786 0.309388
20.1817 0.30934
20.1849 0.309297
20.188 0.30926
20.1912 0.309228
20.1943 0.309199
20.1975 0.309174
20.2006 0.309152
20.2038 0.309133
20.2069 0.308992
20.2101 0.308993
20.2132 0.308994
20.2164 0.308994
20.2195 0.308995
20.2227 0.308996
20.2258 0.308996
20.229 0.308872
20.2321 0.308888
20.2353 0.308902
20.2384 0.308914
20.2416 0.308925
20.2448 0.308934
20.2479 0.308817
20.2511 0.30884
20.2542 0.30886
20.2574 0.308878
20.2605 0.308893
20.2637 0.308906
20.2668 0.308918
20.27 0.308803
20.2731 0.308828
20.4906 0.309224
20.4938 0.309571
20.4969 0.309875
20.5001 0.310141
20.5032 0.310373
20.5064 0.310576
20.5095 0.310754
20.5127 0.31091
20.5158 0.311046
20.519 0.311165
20.5221 0.31127
20.5253 0.311361
20.5284 0.311441
20.5316 0.311511
20.5347 0.311572
20.5379 0.311625
20.541 0.311797
20.5442 0.311823
20.5473 0.311845
20.5505 0.311864
20.5536 0.311881
20.5568 0.311896
20.56 0.311909
20.5631 0.31192
20.5663 0.31193
20.5694 0.311939
20.5726 0.311947
20.5757 0.311953
20.5789 0.311959
20.582 0.312089
20.5852 0.312078
20.8027 0.312068
20.8058 0.31206
20.809 0.312052
20.8121 0.312046
20.8153 0.31204
20.8184 0.312035
20.8216 0.312031
20.8247 0.312027
20.8279 0.312023
20.831 0.312146
20.8342 0.312127
20.8373 0.312111
20.8405 0.312098
20.8436 0.312085
20.8468 0.312075
20.8499 0.31244
20.8531 0.312885
20.8562 0.31315
20.8594 0.313381
20.8625 0.313583
20.8657 0.31376
20.8688 0.313915
20.872 0.314176
20.8752 0.314404
20.8783 0.314478
20.8815 0.314544
20.8846 0.314601
20.8878 0.314651
20.8909 0.314694
20.8941 0.314857
20.8972 0.314875
21.0988 0.339641
21.1194 0.336811
21.1226 0.334334
21.1257 0.332168
21.1289 0.330147
21.132 0.328503
21.1352 0.327065
21.1383 0.325807
21.1415 0.324706
21.1446 0.323743
21.1478 0.322775
21.151 0.321928
21.1541 0.321312
21.1573 0.320773
21.1604 0.320302
21.1636 0.319889
21.1667 0.319528
21.1699 0.319087
21.173 0.318826
21.1762 0.318598
21.1793 0.318398
21.1825 0.318223
21.1856 0.31807
21.1888 0.317812
21.1919 0.317585
21.1951 0.317512
21.1982 0.317448
21.2014 0.317392
21.2045 0.317343
21.2077 0.3173
21.2108 0.317138
21.214 0.316995
21.4346 0.319371
21.4378 0.3192
21.4409 0.31905
21.4441 0.319043
21.4472 0.319038
21.4504 0.318908
21.4535 0.318795
21.4567 0.318695
21.4598 0.318608
21.463 0.318657
21.4662 0.3187
21.4693 0.318738
21.4725 0.318645
21.4756 0.318565
21.4788 0.318494
21.4819 0.318432
21.4851 0.318503
21.4882 0.318565
21.4914 0.318495
21.4945 0.318433
21.4977 0.318379
21.5008 0.318331
21.504 0.31829
21.5071 0.318379
21.5103 0.318456
21.5134 0.318399
21.5166 0.318349
21.5197 0.318306
21.5229 0.318268
21.526 0.318359
21.5292 0.318439
21.5323 0.318509
21.7546 0.318696
21.7577 0.318859
21.7609 0.319001
21.764 0.319126
21.7672 0.319235
21.7703 0.319331
21.7735 0.319415
21.7766 0.319488
21.7798 0.319552
21.7829 0.319483
21.7861 0.319547
21.7892 0.319604
21.7924 0.319654
21.7955 0.319697
21.7987 0.319735
21.8018 0.319768
21.805 0.319672
21.8081 0.319713
21.8113 0.319749
21.8144 0.31978
21.8176 0.319808
21.8208 0.319832
21.8239 0.319853
21.8271 0.319871
21.8302 0.319887
21.8334 0.319901
21.8365 0.319914
21.8397 0.319924
21.8428 0.319934
21.846 0.319817
21.8491 0.31984
21.8523 0.31986
22.0745 0.319878
22.0776 0.319893
22.0808 0.319906
22.0839 0.319793
22.0871 0.319819
22.0902 0.319841
22.0934 0.319861
22.0966 0.319879
22.0997 0.319894
22.1029 0.319907
22.106 0.319919
22.1092 0.319929
22.1123 0.319938
22.1155 0.319946
22.1186 0.319952
22.1218 0.319958
22.1249 0.319964
22.1281 0.319968
22.1312 0.319972
22.1344 0.319976
22.1375 0.319979
22.1407 0.319981
22.1438 0.319984
22.147 0.319861
22.1501 0.319878
22.1533 0.320268
22.1564 0.32061
22.1596 0.320909
22.1627 0.32117
22.1659 0.321399
22.169 0.321724
22.1722 0.321883
22.3738 0.346773
22.3991 0.344051
22.4023 0.34167
22.4054 0.339586
22.4086 0.337763
22.4118 0.336043
22.4149 0.334537
22.4181 0.333345
22.4212 0.332302
22.4244 0.331389
22.4275 0.330591
22.4307 0.329767
22.4338 0.329046
22.437 0.328415
22.4401 0.327988
22.4433 0.327615
22.4464 0.327288
22.4496 0.327002
22.4527 0.326627
22.4559 0.326298
22.459 0.326136
22.4622 0.325994
22.4653 0.32587
22.4685 0.325761
22.4716 0.325666
22.4748 0.325458
22.4779 0.325275
22.4811 0.325241
22.4842 0.325211
22.4874 0.325185
22.4906 0.325161
22.4937 0.325016
22.4969 0.324889
22.7254 0.328278
22.7285 0.328368
22.7317 0.328447
22.7348 0.328516
22.738 0.328577
22.7411 0.328755
22.7443 0.32891
22.7474 0.328922
22.7506 0.328931
22.7537 0.32894
22.7569 0.328947
22.76 0.329079
22.7632 0.329194
22.7664 0.329295
22.7695 0.329258
22.7727 0.329226
22.7758 0.329198
22.779 0.329173
22.7821 0.329276
22.7853 0.329367
22.7884 0.329321
22.7916 0.329281
22.7947 0.329246
22.7979 0.329215
22.801 0.329313
22.8042 0.329399
22.8073 0.329474
22.8105 0.329415
22.8136 0.329363
22.8168 0.329318
22.8199 0.329278
22.8231 0.329368
22.8262 0.329447
23.0548 0.329391
23.0579 0.329342
23.0611 0.329425
23.0642 0.329496
23.0674 0.329559
23.0705 0.329489
23.0737 0.329428
23.0768 0.329375
23.08 0.329328
23.0831 0.329412
23.0863 0.329485
23.0894 0.329425
23.0926 0.329372
23.0957 0.329325
23.0989 0.329285
23.102 0.329374
23.1052 0.329452
23.1083 0.329521
23.1115 0.329456
23.1146 0.329399
23.1178 0.329349
23.121 0.329305
23.1241 0.329392
23.1273 0.329468
23.1304 0.32941
23.1336 0.329358
23.1367 0.329314
23.1399 0.329274
23.143 0.329365
23.1462 0.329444
23.1493 0.329514
23.1525 0.32945
23.1556 0.329393
23.3826 0.329219
23.3857 0.329067
23.3889 0.328808
23.392 0.328707
23.3952 0.328619
23.3983 0.328542
23.4015 0.328474
23.4046 0.328415
23.4078 0.328363
23.4109 0.328192
23.4141 0.328168
23.4172 0.328147
23.4204 0.328129
23.4235 0.328113
23.4267 0.328099
23.4298 0.327961
23.433 0.327966
23.4362 0.32797
23.4393 0.327974
23.4425 0.327977
23.4456 0.32798
23.4488 0.327983
23.4519 0.32786
23.4551 0.327877
23.4582 0.327893
23.4614 0.327906
23.4645 0.327918
23.4677 0.327928
23.4708 0.327812
23.474 0.327711
23.4771 0.327747
23.4803 0.328153
23.4834 0.328509
23.685 0.353696
23.7135 0.350859
23.7167 0.348376
23.7198 0.346204
23.723 0.344179
23.7261 0.342531
23.7293 0.34109
23.7324 0.339829
23.7356 0.338725
23.7387 0.337759
23.7419 0.336915
23.745 0.336175
23.7482 0.335528
23.7514 0.334962
23.7545 0.334467
23.7577 0.334034
23.7608 0.333654
23.764 0.333198
23.7671 0.332923
23.7703 0.332683
23.7734 0.332472
23.7766 0.332288
23.7797 0.332127
23.7829 0.331986
23.786 0.331863
23.7892 0.331755
23.7923 0.331661
23.7955 0.331578
23.7986 0.331506
23.8018 0.331443
23.8049 0.331387
23.8081 0.331339
23.8112 0.331297
23.8144 0.331259
24.0461 0.334977
24.0492 0.335105
24.0524 0.335217
24.0555 0.335315
24.0587 0.3354
24.0618 0.33535
24.065 0.335307
24.0681 0.335393
24.0713 0.335469
24.0744 0.335535
24.0776 0.335593
24.0807 0.335519
24.0839 0.335454
24.087 0.335523
24.0902 0.335582
24.0933 0.335634
24.0965 0.33568
24.0996 0.33572
24.1028 0.33563
24.106 0.335551
24.1091 0.335607
24.1123 0.335657
24.1154 0.335699
24.1186 0.335737
24.1217 0.335645
24.1249 0.335564
24.128 0.335619
24.1312 0.335666
24.1343 0.335708
24.1375 0.335745
24.1406 0.335777
24.1438 0.335679
24.1469 0.335595
24.1501 0.335645
24.3833 0.335815
24.3865 0.335963
24.3896 0.336092
24.3928 0.336206
24.3959 0.336305
24.3991 0.336517
24.4022 0.336702
24.4054 0.33674
24.4085 0.336772
24.4117 0.336801
24.4148 0.336826
24.418 0.336972
24.4212 0.337101
24.4243 0.337088
24.4275 0.337077
24.4306 0.337068
24.4338 0.337059
24.4369 0.337052
24.4401 0.33717
24.4432 0.337274
24.4464 0.33724
24.4495 0.33721
24.4527 0.337184
24.4558 0.337161
24.459 0.337141
24.4621 0.337248
24.4653 0.337217
24.4684 0.33719
24.4716 0.337166
24.4747 0.337145
24.4779 0.337127
24.481 0.337236
24.4842 0.337332
24.4873 0.33729
24.6512 0.328629
24.6544 0.32105
24.6576 0.314419
24.6607 0.308617
24.6639 0.30354
24.667 0.299097
24.6702 0.29521
24.6733 0.291809
24.6765 0.288833
24.6796 0.286229
24.6828 0.28395
24.6859 0.281831
24.6891 0.280102
24.6922 0.27859
24.6954 0.277266
24.6985 0.276108
24.7017 0.275094
24.7048 0.274207
24.708 0.273306
24.7111 0.272643
24.7143 0.272063
24.7174 0.271555
24.7206 0.271111
24.7237 0.270722
24.7269 0.270382
24.73 0.270084
24.7332 0.269823
24.7364 0.269595
24.7395 0.269396
24.7427 0.269222
24.7458 0.269069
24.749 0.26881
24.7521 0.268709
24.7553 0.26862
24.9207 0.268668
24.9239 0.268709
24.927 0.268871
24.9302 0.269012
24.9334 0.269135
24.9365 0.269118
24.9397 0.269104
24.9428 0.269091
24.946 0.269079
24.9491 0.269194
24.9523 0.269295
24.9554 0.269383
24.9586 0.269335
24.9617 0.269293
24.9649 0.269257
24.968 0.26935
24.9712 0.269806
24.9743 0.270205
24.9775 0.270555
24.9806 0.27086
24.9838 0.271003
24.9869 0.271127
24.9901 0.271361
24.9932 0.271566
24.9964 0.271745
24.9995 0.271902
25.0027 0.271915
25.0058 0.271925
25.009 0.27206
25.0122 0.272177
25.0153 0.27228
25.0185 0.27237
25.0216 0.272449
25.0248 0.272393
25.1918 0.292844
25.195 0.290488
25.1981 0.288552
25.2013 0.286733
25.2044 0.285141
25.2076 0.283749
25.2107 0.28253
25.2139 0.281464
25.217 0.280656
25.2202 0.279949
25.2233 0.279205
25.2265 0.278555
25.2296 0.277985
25.2328 0.277487
25.2359 0.277051
25.2391 0.276795
25.2422 0.276445
25.2454 0.27614
25.2486 0.275872
25.2517 0.275638
25.2549 0.275433
25.258 0.275379
25.2612 0.275332
25.2643 0.275165
25.2675 0.27502
25.2706 0.274892
25.2738 0.274781
25.2769 0.274683
25.2801 0.274723
25.2832 0.274632
25.2864 0.274553
25.2895 0.274484
25.2927 0.274424
25.2958 0.274371
25.466 0.295324
25.4692 0.293159
25.4723 0.291264
25.4755 0.289481
25.4786 0.287921
25.4818 0.286556
25.485 0.285361
25.4881 0.284441
25.4913 0.283636
25.4944 0.282806
25.4976 0.282081
25.5007 0.281446
25.5039 0.28089
25.507 0.280529
25.5102 0.280213
25.5133 0.279936
25.5165 0.279569
25.5196 0.279248
25.5228 0.278967
25.5259 0.278721
25.5291 0.278631
25.5322 0.278552
25.5354 0.278358
25.5385 0.278188
25.5417 0.27804
25.5448 0.27791
25.548 0.277796
25.5511 0.277822
25.5543 0.277844
25.5574 0.277738
25.5606 0.277646
25.5638 0.277565
25.5669 0.277495
25.5701 0.277558
25.5732 0.277613
25.7403 0.277161
25.7434 0.276766
25.7466 0.27642
25.7497 0.276118
25.7529 0.275853
25.756 0.275747
25.7592 0.275653
25.7623 0.275447
25.7655 0.275266
25.7686 0.275108
25.7718 0.274969
25.7749 0.274848
25.7781 0.274867
25.7812 0.274759
25.7844 0.274664
25.7875 0.274581
25.7907 0.274508
25.7938 0.274445
25.797 0.274514
25.8002 0.274575
25.8033 0.274503
25.8065 0.27444
25.8096 0.274385
25.8128 0.274337
25.8159 0.274295
25.8191 0.274383
25.8222 0.27446
25.8254 0.274403
25.8285 0.274352
25.8317 0.274308
25.8348 0.27427
25.838 0.274236
25.8411 0.274331
25.8443 0.27429
25.8474 0.274254
26.0161 0.274472
26.0192 0.274663
26.0224 0.27483
26.0255 0.274976
26.0287 0.275104
26.0318 0.275091
26.035 0.27508
26.0381 0.275195
26.0413 0.275296
26.0444 0.275384
26.0476 0.275461
26.0507 0.275528
26.0539 0.275462
26.057 0.275529
26.0602 0.275588
26.0633 0.27564
26.0665 0.275685
26.0696 0.275724
26.0728 0.275634
26.076 0.275554
26.0791 0.27561
26.0823 0.275659
26.0854 0.275701
26.0886 0.275739
26.0917 0.275771
26.0949 0.275675
26.098 0.275716
26.1012 0.275751
26.1043 0.275782
26.1075 0.275809
26.1106 0.275833
26.1138 0.275854
26.1169 0.275747
26.1201 0.275779
26.1232 0.275807
26.295 0.276206
26.2982 0.276555
26.3013 0.276861
26.3045 0.277128
26.3076 0.277362
26.3108 0.277567
26.3139 0.277746
26.3171 0.277903
26.3202 0.27804
26.3234 0.27816
26.3265 0.278265
26.3297 0.278357
26.3328 0.278437
26.336 0.278383
26.3391 0.278835
26.3423 0.27923
26.3454 0.279577
26.3486 0.27988
26.3518 0.280145
26.3549 0.280376
26.3581 0.280704
26.3612 0.280866
26.3644 0.281008
26.3675 0.281132
26.3707 0.281241
26.3738 0.281335
26.377 0.281419
26.3801 0.281491
26.3833 0.281555
26.3864 0.28161
26.3896 0.281659
26.3927 0.281702
26.3959 0.281739
26.399 0.281897
26.4022 0.28191
26.5755 0.303171
26.5787 0.30065
26.5818 0.298443
26.585 0.296638
26.5882 0.295058
26.5913 0.293676
26.5945 0.292466
26.5976 0.291408
26.6008 0.290357
26.6039 0.289437
26.6071 0.288758
26.6102 0.288163
26.6134 0.287643
26.6165 0.287187
26.6197 0.286789
26.6228 0.286315
26.626 0.285901
26.6291 0.285663
26.6323 0.285455
26.6354 0.285273
26.6386 0.285114
26.6417 0.28485
26.6449 0.284619
26.648 0.284541
26.6512 0.284474
26.6543 0.284415
26.6575 0.284363
26.6606 0.284317
26.6638 0.284153
26.667 0.284009
26.6701 0.284008
26.6733 0.284007
26.6764 0.284006
26.6796 0.284005
26.6827 0.283879
26.8592 0.305519
26.8624 0.303205
26.8655 0.301179
26.8687 0.299407
26.8718 0.297731
26.875 0.296264
26.8781 0.295106
26.8813 0.294093
26.8844 0.293206
26.8876 0.292431
26.8907 0.291752
26.8939 0.291033
26.897 0.290529
26.9002 0.290088
26.9034 0.289702
26.9065 0.289364
26.9097 0.289068
26.9128 0.28881
26.916 0.288459
26.9191 0.288276
26.9223 0.288117
26.9254 0.287977
26.9286 0.287855
26.9317 0.287748
26.9349 0.28753
26.938 0.287463
26.9412 0.287406
26.9443 0.287355
26.9475 0.28731
26.9506 0.287272
26.9538 0.287238
26.9569 0.287083
26.9601 0.287073
26.9632 0.287064
26.9664 0.287056
26.9695 0.287049
27.1429 0.286543
27.1461 0.286225
27.1492 0.285947
27.1524 0.285703
27.1555 0.28549
27.1587 0.285304
27.1618 0.285016
27.165 0.284764
27.1681 0.284669
27.1713 0.284585
27.1744 0.284512
27.1776 0.284448
27.1807 0.284267
27.1839 0.284109
27.187 0.284095
27.1902 0.284083
27.1933 0.284073
27.1965 0.284064
27.1996 0.284056
27.2028 0.283924
27.2059 0.283808
27.2091 0.283832
27.2122 0.283853
27.2154 0.283872
27.2186 0.283888
27.2217 0.283777
27.2249 0.28368
27.228 0.28372
27.2312 0.283755
27.2343 0.283785
27.2375 0.283812
27.2406 0.283836
27.2438 0.283731
27.2469 0.28364
27.2501 0.283685
27.2532 0.283724
27.4297 0.284134
27.4329 0.284367
27.436 0.284696
27.4392 0.284984
27.4423 0.285236
27.4455 0.285457
27.4486 0.285649
27.4518 0.285818
27.455 0.285841
27.4581 0.285986
27.4613 0.286113
27.4644 0.286224
27.4676 0.286321
27.4707 0.286406
27.4739 0.286355
27.477 0.286435
27.4802 0.286506
27.4833 0.286568
27.4865 0.286622
27.4896 0.286669
27.4928 0.28671
27.4959 0.286622
27.4991 0.286669
27.5022 0.28671
27.5054 0.286747
27.5085 0.286778
27.5117 0.286806
27.5148 0.286705
27.518 0.286617
27.5211 0.286665
27.5243 0.286707
27.5274 0.286743
27.5306 0.286776
27.5338 0.286804
27.5369 0.286703
27.5401 0.28674
27.7197 0.287148
27.7229 0.287504
27.726 0.287816
27.7292 0.288089
27.7323 0.288328
27.7355 0.288537
27.7386 0.28872
27.7418 0.289255
27.7449 0.289723
27.7481 0.290258
27.7512 0.2906
27.7544 0.2909
27.7575 0.291163
27.7607 0.291392
27.7638 0.291593
27.767 0.291894
27.7702 0.292032
27.7733 0.292153
27.7765 0.292259
27.7796 0.292352
27.7828 0.292433
27.7859 0.292504
27.7891 0.292691
27.7922 0.292729
27.7954 0.292763
27.7985 0.292793
27.8017 0.292819
27.8048 0.292841
27.808 0.292861
27.8111 0.293004
27.8143 0.293003
27.8174 0.293003
27.8206 0.293002
27.8237 0.293002
27.8269 0.293002
27.83 0.293127
28.0129 0.315486
28.016 0.313175
28.0192 0.311153
28.0223 0.309259
28.0255 0.307602
28.0286 0.306151
28.0318 0.304883
28.0349 0.303772
28.0381 0.302926
28.0412 0.302185
28.0444 0.301412
28.0475 0.300735
28.0507 0.300143
28.0538 0.299626
28.057 0.299172
28.0601 0.298901
28.0633 0.298538
28.0664 0.298221
28.0696 0.297943
28.0727 0.2977
28.0759 0.297488
28.079 0.297427
28.0822 0.297373
28.0854 0.297202
28.0885 0.297052
28.0917 0.29692
28.0948 0.296805
28.098 0.296704
28.1011 0.296741
28.1043 0.296774
28.1074 0.296677
28.1106 0.296592
28.1137 0.296518
28.1169 0.296454
28.12 0.296522
28.1232 0.296582
28.3028 0.318509
28.306 0.31532
28.3091 0.31253
28.3123 0.310089
28.3154 0.307953
28.3186 0.306084
28.3218 0.304448
28.3249 0.303017
28.3281 0.30189
28.3312 0.300779
28.3344 0.299806
28.3375 0.298956
28.3407 0.298211
28.3438 0.29756
28.347 0.29699
28.3501 0.296616
28.3533 0.296164
28.3564 0.295769
28.3596 0.295423
28.3627 0.29512
28.3659 0.294855
28.369 0.294748
28.3722 0.294529
28.3753 0.294338
28.3785 0.294171
28.3816 0.294025
28.3848 0.293897
28.3879 0.293784
28.3911 0.293811
28.3942 0.29371
28.3974 0.293621
28.4006 0.293544
28.4037 0.293476
28.4069 0.293416
28.41 0.293489
28.4132 0.293428
28.4163 0.293374
28.5991 0.293828
28.6023 0.294224
28.6054 0.294446
28.6086 0.29464
28.6117 0.29481
28.6149 0.294959
28.618 0.295214
28.6212 0.295437
28.6243 0.295508
28.6275 0.295569
28.6306 0.295623
28.6338 0.29567
28.637 0.295711
28.6401 0.295873
28.6433 0.296013
28.6464 0.296012
28.6496 0.29601
28.6527 0.296009
28.6559 0.296008
28.659 0.296132
28.6622 0.29624
28.6653 0.29621
28.6685 0.296184
28.6716 0.296161
28.6748 0.296141
28.6779 0.296123
28.6811 0.296233
28.6842 0.296329
28.6874 0.296288
28.6905 0.296252
28.6937 0.29622
28.6968 0.296193
28.7 0.296169
28.7031 0.296273
28.7063 0.296238
28.7094 0.296209
28.7126 0.296183
28.8986 0.296535
28.9017 0.296843
28.9049 0.297113
28.908 0.297473
28.9112 0.297789
28.9143 0.298066
28.9175 0.298182
28.9206 0.298285
28.9238 0.298374
28.9269 0.298452
28.9301 0.298646
28.9332 0.298815
28.9364 0.298963
28.9395 0.298968
28.9427 0.298972
28.9458 0.298975
28.949 0.299103
28.9522 0.299215
28.9553 0.299314
28.9585 0.299274
28.9616 0.29924
28.9648 0.29921
28.9679 0.299184
28.9711 0.299286
28.9742 0.299375
28.9774 0.299453
28.9805 0.299397
28.9837 0.299347
28.9868 0.299304
28.99 0.299266
28.9931 0.299357
28.9963 0.299438
28.9994 0.299883
29.0026 0.300273
29.0057 0.300489
29.0089 0.300678
29.012 0.300968
29.2012 0.324472
29.2043 0.322163
29.2075 0.320143
29.2106 0.318375
29.2138 0.316703
29.2169 0.31524
29.2201 0.314085
29.2232 0.313074
29.2264 0.31219
29.2295 0.311416
29.2327 0.310739
29.2358 0.310022
29.239 0.309394
29.2421 0.30897
29.2453 0.308599
29.2484 0.308274
29.2516 0.30799
29.2547 0.307616
29.2579 0.307289
29.261 0.307128
29.2642 0.306987
29.2674 0.306863
29.2705 0.306756
29.2737 0.306661
29.2768 0.306453
29.28 0.306272
29.2831 0.306238
29.2863 0.306208
29.2894 0.306182
29.2926 0.306159
29.2957 0.306139
29.2989 0.305997
29.302 0.305997
29.3052 0.305998
29.3083 0.305998
29.3115 0.305998
29.3146 0.305998
29.5006 0.328749
29.5038 0.325405
29.5069 0.322479
29.5101 0.320044
29.5132 0.317914
29.5164 0.31605
29.5195 0.314418
29.5227 0.312866
29.5258 0.311508
29.529 0.310319
29.5321 0.309404
29.5353 0.308604
29.5384 0.307903
29.5416 0.307291
29.5447 0.306629
29.5479 0.306051
29.551 0.305669
29.5542 0.305336
29.5573 0.305044
29.5605 0.304788
29.5636 0.30444
29.5668 0.304135
29.5699 0.303868
29.5731 0.303759
29.5762 0.303664
29.5794 0.303581
29.5826 0.303509
29.5857 0.30332
29.5889 0.303155
29.592 0.303136
29.5952 0.303119
29.5983 0.303104
29.6015 0.303091
29.6046 0.302955
29.6078 0.302835
29.6109 0.302731
29.6141 0.302764
29.8 0.325669
29.8032 0.322835
29.8063 0.320356
29.8095 0.318186
29.8126 0.316163
29.8158 0.314393
29.819 0.312844
29.8221 0.311613
29.8253 0.310537
29.8284 0.309594
29.8316 0.30877
29.8347 0.307924
29.8379 0.307183
29.841 0.30666
29.8442 0.306203
29.8473 0.305803
29.8505 0.305452
29.8536 0.305021
29.8568 0.304643
29.8599 0.304313
29.8631 0.304149
29.8662 0.304005
29.8694 0.303879
29.8725 0.303769
29.8757 0.303548
29.8788 0.303355
29.882 0.303185
29.8851 0.303162
29.8883 0.303142
29.8914 0.303124
29.8946 0.302984
29.8978 0.302861
29.9009 0.302753
29.9041 0.302784
29.9072 0.302811
29.9104 0.302835
29.9135 0.302855
29.9167 0.302748
30.1058 0.30303
30.1089 0.303276
30.1121 0.303617
30.1152 0.303915
30.1184 0.304175
30.1215 0.304403
30.1247 0.304603
30.1278 0.304653
30.131 0.304821
30.1342 0.304968
30.1373 0.305097
30.1405 0.30521
30.1436 0.305309
30.1468 0.30527
30.1499 0.305236
30.1531 0.305332
30.1562 0.305415
30.1594 0.305488
30.1625 0.305552
30.1657 0.305608
30.1688 0.305532
30.172 0.305466
30.1751 0.305533
30.1783 0.305591
30.1814 0.305642
30.1846 0.305687
30.1877 0.305726
30.1909 0.305635
30.194 0.305681
30.1972 0.305721
30.2003 0.305756
30.2035 0.305786
30.2066 0.305813
30.2098 0.305711
30.213 0.305622
30.2161 0.30567
30.2193 0.305711
30.2224 0.305747
30.4147 0.306154
30.4178 0.306509
30.421 0.306696
30.4241 0.306984
30.4273 0.307236
30.4304 0.307456
30.4336 0.307649
30.4367 0.307818
30.4399 0.307841
30.443 0.307986
30.4462 0.308113
30.4494 0.308223
30.4525 0.308321
30.4557 0.308405
30.4588 0.30848
30.462 0.30842
30.4651 0.308867
30.4683 0.309259
30.4714 0.309602
30.4746 0.309901
30.4777 0.310164
30.4809 0.310393
30.484 0.310719
30.4872 0.310879
30.4903 0.311019
30.4935 0.311142
30.4966 0.311249
30.4998 0.311343
30.5029 0.311425
30.5061 0.311497
30.5092 0.31156
30.5124 0.311615
30.5155 0.311663
30.5187 0.311705
30.5218 0.311742
30.525 0.311899
30.5282 0.311912
30.5313 0.311923
30.7267 0.335933
30.7299 0.333316
30.733 0.331151
30.7362 0.329258
30.7393 0.327475
30.7425 0.325916
30.7456 0.324551
30.7488 0.323357
30.7519 0.322313
30.7551 0.321524
30.7582 0.320708
30.7614 0.319995
30.7646 0.31937
30.7677 0.318824
30.7709 0.318346
30.774 0.318053
30.7772 0.317796
30.7803 0.317447
30.7835 0.317141
30.7866 0.316873
30.7898 0.316639
30.7929 0.316434
30.7961 0.31638
30.7992 0.316207
30.8024 0.316057
30.8055 0.315924
30.8087 0.315809
30.8118 0.315708
30.815 0.315619
30.8181 0.315667
30.8213 0.315584
30.8244 0.315511
30.8276 0.315447
30.8307 0.315391
30.8339 0.315342
30.837 0.315424
30.8402 0.315371
30.8434 0.315325
31.0356 0.338909
31.0388 0.335546
31.0419 0.332602
31.0451 0.330027
31.0482 0.327774
31.0514 0.325802
31.0545 0.324077
31.0577 0.322567
31.0608 0.321246
31.064 0.32009
31.0671 0.319079
31.0703 0.318194
31.0734 0.31742
31.0766 0.316742
31.0798 0.31615
31.0829 0.315631
31.0861 0.315177
31.0892 0.31478
31.0924 0.314432
31.0955 0.314128
31.0987 0.313862
31.1018 0.31363
31.105 0.313426
31.1081 0.313248
31.1113 0.313092
31.1144 0.312955
31.1176 0.312836
31.1207 0.312731
31.1239 0.31264
31.127 0.312685
31.1302 0.312599
31.1333 0.312524
31.1365 0.312459
31.1396 0.312401
31.1428 0.312351
31.1459 0.312307
31.1491 0.312269
31.1522 0.312235
31.1554 0.312206
31.3492 0.31243
31.3524 0.312626
31.3556 0.312798
31.3587 0.312823
31.3619 0.312845
31.365 0.31299
31.3682 0.313116
31.3713 0.313227
31.3745 0.313323
31.3776 0.313408
31.3808 0.313357
31.3839 0.313312
31.3871 0.313398
31.3902 0.313473
31.3934 0.313539
31.3965 0.313597
31.3997 0.313522
31.4028 0.313457
31.406 0.3134
31.4091 0.313475
31.4123 0.31354
31.4154 0.313598
31.4186 0.313648
31.4217 0.313567
31.4249 0.313496
31.428 0.313559
31.4312 0.313614
31.4344 0.313663
31.4375 0.313705
31.4407 0.313617
31.4438 0.31354
31.447 0.313472
31.4501 0.313538
31.4533 0.313596
31.4564 0.313646
31.4596 0.313691
31.4627 0.313604
31.4659 0.313529
31.469 0.313588
31.666 0.314014
31.6692 0.314387
31.6723 0.314714
31.6755 0.315
31.6786 0.31525
31.6818 0.315344
31.6849 0.315426
31.6881 0.315622
31.6912 0.315795
31.6944 0.315945
31.6975 0.316077
31.7007 0.316192
31.7038 0.316168
31.707 0.316272
31.7102 0.316363
31.7133 0.316443
31.7165 0.316513
31.7196 0.316573
31.7228 0.316627
31.7259 0.316548
31.7291 0.316605
31.7322 0.316654
31.7354 0.316697
31.7385 0.316735
31.7417 0.316768
31.7448 0.316672
31.748 0.316588
31.7511 0.31664
31.7543 0.316685
31.7574 0.316724
31.7606 0.316759
31.7637 0.316789
31.7669 0.31669
31.77 0.317104
31.7732 0.317466
31.7763 0.317783
31.7795 0.31806
31.7826 0.318302
31.7858 0.318515
31.986 0.3432
31.9891 0.340675
31.9923 0.338466
31.9954 0.336533
31.9986 0.334841
32.0017 0.333361
32.0049 0.332066
32.008 0.331058
32.0112 0.33005
32.0143 0.329169
32.0175 0.328398
32.0206 0.327723
32.0238 0.327133
32.0269 0.326616
32.0301 0.326164
32.0332 0.325769
32.0364 0.325423
32.0395 0.32512
32.0427 0.324855
32.0458 0.324623
32.049 0.32442
32.0521 0.324243
32.0553 0.324087
32.0584 0.323951
32.0616 0.323832
32.0648 0.323728
32.0679 0.323637
32.0711 0.323683
32.0742 0.323597
32.0774 0.323523
32.0805 0.323457
32.0837 0.3234
32.0868 0.32335
32.09 0.323306
32.0931 0.323268
32.0963 0.323235
32.0994 0.323205
32.1026 0.32318
32.1057 0.323157
32.3059 0.347762
32.309 0.344792
32.3122 0.342068
32.3153 0.339685
32.3185 0.337599
32.3216 0.335774
32.3248 0.334177
32.3279 0.33278
32.3311 0.331558
32.3342 0.330488
32.3374 0.329552
32.3406 0.328733
32.3437 0.328016
32.3469 0.327389
32.35 0.326966
32.3532 0.32647
32.3563 0.326036
32.3595 0.325657
32.3626 0.325325
32.3658 0.325034
32.3689 0.32478
32.3721 0.324682
32.3752 0.324472
32.3784 0.324288
32.3815 0.324127
32.3847 0.323986
32.3878 0.323863
32.391 0.323755
32.3941 0.323661
32.3973 0.323578
32.4004 0.323506
32.4036 0.323443
32.4067 0.323387
32.4099 0.323339
32.413 0.323421
32.4162 0.323369
32.4194 0.323323
32.4225 0.323282
32.4257 0.323247
32.6258 0.347841
32.629 0.344736
32.6321 0.342019
32.6353 0.339642
32.6384 0.337561
32.6416 0.335741
32.6447 0.334149
32.6479 0.332755
32.651 0.331661
32.6542 0.330578
32.6573 0.329631
32.6605 0.328802
32.6636 0.328077
32.6668 0.327442
32.6699 0.326887
32.6731 0.326401
32.6762 0.325976
32.6794 0.325604
32.6825 0.325278
32.6857 0.324994
32.6888 0.324744
32.692 0.324651
32.6952 0.324445
32.6983 0.324264
32.7015 0.324106
32.7046 0.323968
32.7078 0.323847
32.7109 0.323741
32.7141 0.323773
32.7172 0.323677
32.7204 0.323592
32.7235 0.323518
32.7267 0.323453
32.7298 0.323397
32.733 0.323347
32.7361 0.323304
32.7393 0.323266
32.7424 0.323233
32.7456 0.323203
32.7487 0.323178
32.9505 0.323406
32.9536 0.323605
32.9568 0.323654
32.9599 0.323698
32.9631 0.32386
32.9662 0.324003
32.9694 0.324128
32.9725 0.324237
32.9757 0.324207
32.9788 0.324181
32.982 0.324158
32.9851 0.324264
32.9883 0.324356
32.9914 0.324436
32.9946 0.324507
32.9977 0.324443
33.0009 0.324388
33.004 0.324464
33.0072 0.324531
33.0104 0.32459
33.0135 0.324641
33.0167 0.324561
33.0198 0.324491
33.023 0.32443
33.0261 0.324501
33.0293 0.324563
33.0324 0.324618
33.0356 0.324666
33.0387 0.324582
33.0419 0.32451
33.045 0.324571
33.0482 0.324625
33.0513 0.324671
33.0545 0.324713
33.0576 0.324748
33.0608 0.324655
33.0639 0.324573
33.0671 0.324626
33.0702 0.324673
33.0734 0.324714
33.2767 0.324875
33.2798 0.325015
33.283 0.325263
33.2862 0.325481
33.2893 0.325545
33.2925 0.325602
33.2956 0.325652
33.2988 0.32607
33.3019 0.326437
33.3051 0.326882
33.3082 0.327272
33.3114 0.327613
33.3145 0.327786
33.3177 0.327938
33.3208 0.328071
33.324 0.328187
33.3271 0.328414
33.3303 0.328612
33.3334 0.32866
33.3366 0.328703
33.3397 0.32874
33.3429 0.328772
33.346 0.328926
33.3492 0.32906
33.3523 0.329178
33.3555 0.329155
33.3586 0.329136
33.3618 0.329119
33.365 0.329104
33.3681 0.329216
33.3713 0.329314
33.3744 0.329275
33.3776 0.32924
33.3807 0.32921
33.3839 0.329184
33.387 0.329286
33.3902 0.329375
33.3933 0.329453
33.3965 0.329397
33.3996 0.329347
33.6012 0.354179
33.6077 0.351281
33.6108 0.348746
33.614 0.346403
33.6171 0.344478
33.6203 0.342793
33.6234 0.341319
33.6266 0.340029
33.6297 0.3389
33.6329 0.337913
33.636 0.337049
33.6392 0.336293
33.6423 0.335631
33.6455 0.335052
33.6486 0.334546
33.6518 0.334102
33.6549 0.333715
33.6581 0.333375
33.6612 0.333078
33.6644 0.332819
33.6675 0.332591
33.6707 0.332392
33.6738 0.332218
33.677 0.332066
33.6802 0.331933
33.6833 0.331816
33.6865 0.331714
33.6896 0.331625
33.6928 0.331547
33.6959 0.331478
33.6991 0.331419
33.7022 0.331366
33.7054 0.331321
33.7085 0.33128
33.7117 0.331245
33.7148 0.331215
33.718 0.331063
33.7211 0.331055
33.7243 0.331048
33.7274 0.331042
33.7306 0.331037
33.937 0.331657
33.9402 0.331825
33.9433 0.331972
33.9465 0.3321
33.9496 0.332088
33.9528 0.332077
33.956 0.332067
33.9591 0.332184
33.9623 0.332286
33.9654 0.332375
33.9686 0.332328
33.9717 0.332287
33.9749 0.332251
33.978 0.332345
33.9812 0.332427
33.9843 0.332498
33.9875 0.332561
33.9906 0.332491
33.9938 0.33243
33.9969 0.332376
34.0001 0.332454
34.0032 0.332522
34.0064 0.332582
34.0095 0.332509
34.0127 0.332446
34.0158 0.33239
34.019 0.332341
34.0221 0.332423
34.0253 0.332496
34.0284 0.332559
34.0316 0.332489
34.0348 0.332428
34.0379 0.332374
34.0411 0.332452
34.0442 0.332521
34.0474 0.332581
34.0505 0.332633
34.0537 0.332554
34.0568 0.332485
34.06 0.332424
34.0631 0.332496
34.2696 0.332434
34.2727 0.33238
34.2759 0.332332
34.279 0.332416
34.2822 0.332489
34.2853 0.332553
34.2885 0.332609
34.2916 0.332533
34.2948 0.332466
34.2979 0.332408
34.3011 0.332482
34.3042 0.332547
34.3074 0.332603
34.3106 0.332528
34.3137 0.332462
34.3169 0.332404
34.32 0.332479
34.3232 0.332544
34.3263 0.332601
34.3295 0.332651
34.3326 0.332569
34.3358 0.332498
34.3389 0.332436
34.3421 0.332506
34.3452 0.332568
34.3484 0.332622
34.3515 0.332669
34.3547 0.332586
34.3578 0.332512
34.361 0.332448
34.3641 0.332517
34.3673 0.332578
34.3704 0.33263
34.3736 0.332552
34.3767 0.332483
34.3799 0.332422
34.383 0.332495
34.3862 0.332558
34.3894 0.332613
34.3925 0.332661
34.3957 0.332579
34.6053 0.333006
34.6084 0.333381
34.6116 0.333708
34.6147 0.33387
34.6179 0.334011
34.621 0.334259
34.6242 0.334477
34.6273 0.334667
34.6305 0.334834
34.6336 0.33498
34.6368 0.334982
34.6399 0.334984
34.6431 0.335111
34.6462 0.335222
34.6494 0.33532
34.6525 0.33578
34.6557 0.336182
34.6588 0.336409
34.662 0.336733
34.6652 0.337017
34.6683 0.337265
34.6715 0.337481
34.6746 0.337671
34.6778 0.337837
34.6809 0.337858
34.6841 0.338
34.6872 0.338125
34.6904 0.338235
34.6935 0.33833
34.6967 0.338414
34.6998 0.338487
34.703 0.338426
34.7061 0.338498
34.7093 0.338561
34.7124 0.338616
34.7156 0.338664
34.7187 0.338706
34.7219 0.338618
34.725 0.338665
34.7282 0.338707
34.7313 0.338744
34.9329 0.363526
34.9425 0.36021
34.9457 0.357309
34.9488 0.35477
34.952 0.352549
34.9551 0.35073
34.9583 0.349014
34.9614 0.347512
34.9646 0.346198
34.9677 0.345048
34.9709 0.344042
34.974 0.343287
34.9772 0.342626
34.9804 0.341923
34.9835 0.341308
34.9867 0.340769
34.9898 0.340298
34.993 0.339886
34.9961 0.33965
34.9993 0.339319
35.0024 0.339029
35.0056 0.338775
35.0087 0.338553
35.0119 0.338359
35.015 0.338314
35.0182 0.338275
35.0213 0.338116
35.0245 0.337976
35.0276 0.337854
35.0308 0.337747
35.0339 0.337654
35.0371 0.337697
35.0402 0.337735
35.0434 0.337643
35.0465 0.337563
35.0497 0.337492
35.0528 0.337431
35.056 0.337502
35.0592 0.337564
35.0623 0.337494
35.0655 0.337432
35.0686 0.337378
35.1726 0.325206
35.1758 0.31368
35.1789 0.303595
35.1821 0.294896
35.1852 0.287284
35.1884 0.280498
35.1915 0.274561
35.1947 0.269366
35.1978 0.26482
35.201 0.260843
35.2041 0.257487
35.2073 0.254426
35.2104 0.251748
35.2136 0.249405
35.2168 0.247354
35.2199 0.24556
35.2231 0.244115
35.2262 0.24285
35.2294 0.241619
35.2325 0.240542
35.2357 0.239599
35.2388 0.238774
35.242 0.238052
35.2451 0.237546
35.2483 0.236978
35.2514 0.23648
35.2546 0.236045
35.2577 0.235665
35.2609 0.235332
35.264 0.235165
35.2672 0.235019
35.2703 0.234767
35.2735 0.234546
35.2766 0.234353
35.2798 0.234184
35.2829 0.234036
35.2861 0.234031
35.2892 0.233902
35.2924 0.23379
35.2956 0.233691
35.2987 0.233605
35.3019 0.233529
35.4043 0.233338
35.4074 0.233171
35.4106 0.233024
35.4138 0.232771
35.4169 0.23255
35.4201 0.232481
35.4232 0.232421
35.4264 0.232368
35.4295 0.232322
35.4327 0.232282
35.4358 0.232122
35.439 0.231982
35.4421 0.231984
35.4453 0.231986
35.4484 0.231988
35.4516 0.231989
35.4547 0.231866
35.4579 0.231757
35.461 0.231788
35.4642 0.231814
35.4673 0.231837
35.4705 0.231858
35.4736 0.231876
35.4768 0.231766
35.4799 0.23167
35.4831 0.231712
35.4862 0.231748
35.4894 0.231779
35.4926 0.231807
35.4957 0.231706
35.4989 0.231618
35.502 0.231665
35.5052 0.231707
35.5083 0.231744
35.5115 0.231776
35.5146 0.231804
35.5178 0.231703
35.5209 0.231615
35.5241 0.231664
35.5272 0.231706
35.5304 0.231742
35.5335 0.231775
35.636 0.231678
35.6391 0.231718
35.6423 0.231753
35.6454 0.231784
35.6486 0.231811
35.6517 0.23171
35.6549 0.231621
35.658 0.231668
35.6612 0.23171
35.6643 0.231746
35.6675 0.231778
35.6706 0.231806
35.6738 0.231705
35.6769 0.231617
35.6801 0.231665
35.6832 0.231707
35.6864 0.231743
35.6896 0.231775
35.6927 0.231678
35.6959 0.231969
35.699 0.232348
35.7022 0.232679
35.7053 0.232969
35.7085 0.233223
35.7116 0.233445
35.7148 0.23364
35.7179 0.233685
35.7211 0.233849
35.7242 0.233993
35.7274 0.234119
35.7305 0.234229
35.7337 0.234325
35.7368 0.234285
35.74 0.234249
35.7431 0.234343
35.7463 0.234425
35.7494 0.234497
35.7526 0.23456
35.7557 0.234615
35.7589 0.234538
35.762 0.234596
35.7652 0.234646
35.8708 0.24744
35.8739 0.24626
35.8771 0.245228
35.8802 0.244324
35.8834 0.243534
35.8866 0.242842
35.8897 0.242237
35.8929 0.241707
35.896 0.241244
35.8992 0.240838
35.9023 0.240484
35.9055 0.240173
35.9086 0.239901
35.9118 0.239664
35.9149 0.239456
35.9181 0.239274
35.9212 0.239115
35.9244 0.238975
35.9275 0.238853
35.9307 0.238747
35.9338 0.238653
35.937 0.238447
35.9401 0.238391
35.9433 0.238342
35.9464 0.238299
35.9496 0.238262
35.9527 0.238229
35.9559 0.2382
35.959 0.238175
35.9622 0.238153
35.9654 0.238134
35.9685 0.238118
35.9717 0.238103
35.9748 0.23809
35.978 0.238079
35.9811 0.238069
35.9843 0.23806
35.9874 0.238053
35.9906 0.238046
35.9937 0.23804
35.9969 0.238035
36 0.238031
36.1072 0.251027
36.1103 0.249649
36.1135 0.248443
36.1166 0.247262
36.1198 0.246229
36.123 0.245326
36.1261 0.24466
36.1293 0.244078
36.1324 0.243568
36.1356 0.242997
36.1387 0.242497
36.1419 0.24206
36.145 0.241803
36.1482 0.241577
36.1513 0.24138
36.1545 0.241208
36.1576 0.240932
36.1608 0.24069
36.1639 0.240479
36.1671 0.240419
36.1702 0.240367
36.1734 0.240321
36.1765 0.240281
36.1797 0.240121
36.1828 0.239981
36.186 0.239858
36.1891 0.239876
36.1923 0.239891
36.1954 0.239905
36.1986 0.239792
36.2018 0.239693
36.2049 0.239606
36.2081 0.239655
36.2112 0.239698
36.2144 0.239736
36.2175 0.239769
36.2207 0.239673
36.2238 0.239589
36.227 0.239515
36.2301 0.239576
36.2333 0.239629
36.2364 0.239675
36.3467 0.252966
36.3499 0.251595
36.353 0.250521
36.3562 0.249581
36.3594 0.248758
36.3625 0.248038
36.3657 0.247409
36.3688 0.246732
36.372 0.246141
36.3751 0.245748
36.3783 0.245405
36.3814 0.245104
36.3846 0.244841
36.3877 0.244486
36.3909 0.244175
36.394 0.244028
36.3972 0.2439
36.4003 0.243787
36.4035 0.243689
36.4066 0.243603
36.4098 0.243402
36.4129 0.243227
36.4161 0.243199
36.4192 0.243174
36.4224 0.243152
36.4255 0.243133
36.4287 0.243116
36.4318 0.242977
36.435 0.24298
36.4382 0.242982
36.4413 0.242985
36.4445 0.242986
36.4476 0.242988
36.4508 0.242865
36.4539 0.242757
36.4571 0.242787
36.4602 0.242814
36.4634 0.242837
36.4665 0.242857
36.4697 0.242875
36.4728 0.242766
36.476 0.24267
36.4791 0.242711
36.5863 0.242372
36.5894 0.242076
36.5926 0.241691
36.5958 0.241355
36.5989 0.241061
36.6021 0.240928
36.6052 0.240812
36.6084 0.24071
36.6115 0.240622
36.6147 0.240419
36.6178 0.240242
36.621 0.240086
36.6241 0.240076
36.6273 0.240066
36.6304 0.240058
36.6336 0.239926
36.6367 0.23981
36.6399 0.239709
36.643 0.239745
36.6462 0.239777
36.6493 0.239805
36.6525 0.239829
36.6556 0.239726
36.6588 0.239635
36.6619 0.239556
36.6651 0.239611
36.6682 0.23966
36.6714 0.239702
36.6746 0.239614
36.6777 0.239538
36.6809 0.23947
36.684 0.239537
36.6872 0.239595
36.6903 0.239645
36.6935 0.23969
36.6966 0.239603
36.6998 0.239528
36.7029 0.239462
36.7061 0.239529
36.7092 0.239588
36.7124 0.23964
36.7155 0.239685
36.7187 0.239599
36.829 0.240024
36.8322 0.240396
36.8353 0.240722
36.8385 0.241006
36.8416 0.241256
36.8448 0.241349
36.8479 0.24143
36.8511 0.241626
36.8542 0.241798
36.8574 0.241948
36.8605 0.24208
36.8637 0.242195
36.8668 0.24217
36.87 0.242149
36.8731 0.242255
36.8763 0.242349
36.8794 0.24243
36.8826 0.242501
36.8857 0.242439
36.8889 0.242384
36.892 0.242461
36.8952 0.242528
36.8983 0.242587
36.9015 0.242639
36.9046 0.242684
36.9078 0.242598
36.911 0.242524
36.9141 0.242583
36.9173 0.242635
36.9204 0.242681
36.9236 0.242721
36.9267 0.242631
36.9299 0.242552
36.933 0.242608
36.9362 0.243032
36.9393 0.243403
36.9425 0.243728
36.9456 0.244012
36.9488 0.24426
36.9519 0.244353
36.9551 0.244559
36.9582 0.244739
36.9614 0.244896
37.0749 0.258784
37.078 0.257561
37.0812 0.256491
37.0843 0.255555
37.0875 0.254735
37.0906 0.254018
37.0938 0.253391
37.0969 0.252842
37.1001 0.252362
37.1032 0.251942
37.1064 0.251574
37.1095 0.251252
37.1127 0.250971
37.1158 0.250724
37.119 0.250509
37.1221 0.25032
37.1253 0.250155
37.1284 0.250011
37.1316 0.249884
37.1347 0.249774
37.1379 0.249677
37.141 0.249593
37.1442 0.249518
37.1474 0.249454
37.1505 0.249397
37.1537 0.249347
37.1568 0.249304
37.16 0.249266
37.1631 0.249233
37.1663 0.249204
37.1694 0.249178
37.1726 0.249156
37.1757 0.249136
37.1789 0.249119
37.182 0.249104
37.1852 0.249091
37.1883 0.24908
37.1915 0.24907
37.1946 0.249061
37.1978 0.249054
37.2009 0.249047
37.2041 0.249041
37.2072 0.249036
37.3239 0.263156
37.327 0.261887
37.3302 0.260651
37.3333 0.25957
37.3365 0.258623
37.3396 0.257795
37.3428 0.257071
37.3459 0.256437
37.3491 0.256008
37.3522 0.255507
37.3554 0.255068
37.3585 0.254685
37.3617 0.254349
37.3648 0.254055
37.368 0.253799
37.3711 0.253699
37.3743 0.253486
37.3774 0.253301
37.3806 0.253138
37.3838 0.252996
37.3869 0.252871
37.3901 0.252887
37.3932 0.252776
37.3964 0.252679
37.3995 0.252594
37.4027 0.25252
37.4058 0.252455
37.409 0.252398
37.4121 0.252473
37.4153 0.252414
37.4184 0.252362
37.4216 0.252317
37.4247 0.252278
37.4279 0.252243
37.431 0.252337
37.4342 0.252295
37.4373 0.252258
37.4405 0.252226
37.4436 0.252198
37.4468 0.252173
37.4499 0.252151
37.4531 0.252258
37.4562 0.252225
37.5697 0.265947
37.5729 0.263829
37.576 0.261975
37.5792 0.260353
37.5823 0.258934
37.5855 0.257692
37.5886 0.256606
37.5918 0.255655
37.5949 0.254823
37.5981 0.254095
37.6012 0.253458
37.6044 0.252901
37.6075 0.252413
37.6107 0.251987
37.6138 0.251613
37.617 0.251412
37.6202 0.25111
37.6233 0.250846
37.6265 0.250616
37.6296 0.250414
37.6328 0.250237
37.6359 0.250082
37.6391 0.249947
37.6422 0.249829
37.6454 0.249725
37.6485 0.249634
37.6517 0.249555
37.6548 0.249486
37.658 0.249425
37.6611 0.249372
37.6643 0.249325
37.6674 0.249285
37.6706 0.249249
37.6737 0.249218
37.6769 0.249191
37.68 0.249167
37.6832 0.249146
37.6863 0.249128
37.6895 0.249112
37.6926 0.249098
37.6958 0.249086
37.699 0.249075
37.7021 0.249066
37.7053 0.249057
37.8219 0.249425
37.825 0.249872
37.8282 0.250138
37.8313 0.250371
37.8345 0.250574
37.8376 0.250753
37.8408 0.250909
37.8439 0.251045
37.8471 0.251289
37.8502 0.251378
37.8534 0.251456
37.8566 0.251524
37.8597 0.251583
37.8629 0.251636
37.866 0.251806
37.8692 0.25183
37.8723 0.251852
37.8755 0.25187
37.8786 0.251886
37.8818 0.251901
37.8849 0.251913
37.8881 0.252049
37.8912 0.252043
37.8944 0.252037
37.8975 0.252033
37.9007 0.252029
37.9038 0.252025
37.907 0.252022
37.9101 0.252144
37.9133 0.252126
37.9164 0.25211
37.9196 0.252097
37.9227 0.252085
37.9259 0.252074
37.929 0.25219
37.9322 0.252166
37.9354 0.252145
37.9385 0.252127
37.9417 0.252111
37.9448 0.252097
37.948 0.252085
37.9511 0.252199
37.9543 0.252175
37.9574 0.252153
38.0772 0.252634
38.0803 0.252929
38.0835 0.253188
38.0866 0.253415
38.0898 0.253613
38.093 0.253786
38.0961 0.254063
38.0993 0.254305
38.1024 0.254392
38.1056 0.254468
38.1087 0.254534
38.1119 0.254593
38.115 0.254769
38.1182 0.254923
38.1213 0.254932
38.1245 0.254941
38.1276 0.254948
38.1308 0.254955
38.1339 0.25496
38.1371 0.25509
38.1402 0.255204
38.1434 0.255178
38.1465 0.255156
38.1497 0.255137
38.1528 0.25512
38.156 0.255105
38.1591 0.255217
38.1623 0.255314
38.1654 0.255275
38.1686 0.255241
38.1718 0.255211
38.1749 0.255184
38.1781 0.255286
38.1812 0.255376
38.1844 0.255329
38.1875 0.255287
38.1907 0.255252
38.1938 0.25522
38.197 0.255193
38.2001 0.255294
38.2033 0.255382
38.2064 0.255334
38.2096 0.255292
38.2127 0.255256
38.3341 0.255474
38.3372 0.25604
38.3404 0.256535
38.3435 0.256968
38.3467 0.257347
38.3498 0.257678
38.353 0.257969
38.3561 0.258223
38.3593 0.258445
38.3624 0.258639
38.3656 0.258809
38.3688 0.258958
38.3719 0.259088
38.3751 0.259202
38.3782 0.259302
38.3814 0.259389
38.3845 0.259466
38.3877 0.259532
38.3908 0.259591
38.394 0.259642
38.3971 0.259687
38.4003 0.259726
38.4034 0.25976
38.4066 0.25979
38.4097 0.259816
38.4129 0.259839
38.416 0.259984
38.4192 0.259986
38.4223 0.259988
38.4255 0.25999
38.4286 0.259991
38.4318 0.259992
38.4349 0.259993
38.4381 0.259994
38.4412 0.259995
38.4444 0.259995
38.4476 0.259996
38.4507 0.259996
38.4539 0.259997
38.457 0.260122
38.4602 0.260107
38.4633 0.260094
38.4665 0.260082
38.4696 0.260072
38.591 0.274813
38.5941 0.272961
38.5973 0.271341
38.6004 0.269923
38.6036 0.268683
38.6067 0.267598
38.6099 0.266648
38.613 0.265942
38.6162 0.265199
38.6193 0.264549
38.6225 0.263981
38.6256 0.263483
38.6288 0.263048
38.6319 0.262667
38.6351 0.262333
38.6382 0.262042
38.6414 0.261786
38.6446 0.261563
38.6477 0.261368
38.6509 0.261197
38.654 0.261172
38.6572 0.261026
38.6603 0.260897
38.6635 0.260785
38.6666 0.260687
38.6698 0.260601
38.6729 0.260526
38.6761 0.26046
38.6792 0.260403
38.6824 0.260352
38.6855 0.260308
38.6887 0.26027
38.6918 0.260236
38.695 0.260207
38.6981 0.260181
38.7013 0.260158
38.7044 0.260138
38.7076 0.260121
38.7107 0.260106
38.7139 0.260093
38.717 0.260081
38.7202 0.260071
38.7234 0.260062
38.7265 0.260054
38.8479 0.274798
38.851 0.273073
38.8542 0.271439
38.8573 0.270009
38.8605 0.268758
38.8636 0.267663
38.8668 0.266705
38.8699 0.265867
38.8731 0.265134
38.8762 0.264492
38.8794 0.26393
38.8825 0.263439
38.8857 0.263009
38.8888 0.262633
38.892 0.262304
38.8951 0.262016
38.8983 0.261764
38.9014 0.261543
38.9046 0.261351
38.9077 0.261182
38.9109 0.261034
38.914 0.260905
38.9172 0.260792
38.9204 0.260693
38.9235 0.260606
38.9267 0.26053
38.9298 0.260464
38.933 0.260406
38.9361 0.260355
38.9393 0.260311
38.9424 0.260272
38.9456 0.260238
38.9487 0.260208
38.9519 0.260182
38.955 0.260284
38.9582 0.260249
38.9613 0.260218
38.9645 0.260191
38.9676 0.260167
38.9708 0.260146
38.9739 0.260128
38.9771 0.260112
38.9802 0.260098
38.9834 0.260086
38.9865 0.260075
39.111 0.260565
39.1142 0.26087
39.1174 0.261136
39.1205 0.261369
39.1237 0.261573
39.1268 0.261751
39.13 0.261907
39.1331 0.262169
39.1363 0.262273
39.1394 0.262364
39.1426 0.262443
39.1457 0.262513
39.1489 0.262574
39.152 0.262752
39.1552 0.262908
39.1583 0.26292
39.1615 0.26293
39.1646 0.262938
39.1678 0.262946
39.1709 0.262953
39.1741 0.263084
39.1772 0.263073
39.1804 0.263064
39.1835 0.263056
39.1867 0.263049
39.1898 0.263043
39.193 0.263163
39.1962 0.263267
39.1993 0.263234
39.2025 0.263205
39.2056 0.263179
39.2088 0.263157
39.2119 0.263137
39.2151 0.263245
39.2182 0.263214
39.2214 0.263188
39.2245 0.263164
39.2277 0.263144
39.2308 0.263126
39.234 0.26311
39.2371 0.263221
39.2403 0.263194
39.2434 0.263169
39.2466 0.263148
39.2497 0.26313
39.3758 0.263238
39.379 0.263334
39.3821 0.263542
39.3853 0.263724
39.3884 0.263884
39.3916 0.264023
39.3947 0.264145
39.3979 0.264127
39.401 0.264236
39.4042 0.264332
39.4073 0.264415
39.4105 0.264488
39.4136 0.264552
39.4168 0.264483
39.4199 0.264423
39.4231 0.264495
39.4262 0.264558
39.4294 0.264613
39.4326 0.264662
39.4357 0.264704
39.4389 0.264616
39.442 0.264664
39.4452 0.264706
39.4483 0.264743
39.4515 0.264775
39.4546 0.264803
39.4578 0.264703
39.4609 0.264615
39.4641 0.264663
39.4672 0.264705
39.4704 0.264742
39.4735 0.264774
39.4767 0.264802
39.4798 0.264702
39.483 0.264614
39.4861 0.264663
39.4893 0.264705
39.4924 0.264742
39.4956 0.264774
39.4987 0.264802
39.5019 0.264702
39.505 0.264739
39.5082 0.264772
39.5114 0.2648
39.5145 0.264825
39.6437 0.265222
39.6469 0.265569
39.65 0.265873
39.6532 0.266139
39.6563 0.266372
39.6595 0.266575
39.6626 0.267128
39.6658 0.267612
39.669 0.268036
39.6721 0.268406
39.6753 0.26873
39.6784 0.269014
39.6816 0.269262
39.6847 0.26948
39.6879 0.26967
39.691 0.269961
39.6942 0.270091
39.6973 0.270204
39.7005 0.270304
39.7036 0.270391
39.7068 0.270467
39.7099 0.270534
39.7131 0.270592
39.7162 0.270643
39.7194 0.270688
39.7225 0.270727
39.7257 0.270761
39.7288 0.270791
39.732 0.270817
39.7351 0.27084
39.7383 0.27086
39.7414 0.270877
39.7446 0.270893
39.7478 0.270906
39.7509 0.270918
39.7541 0.271053
39.7572 0.271046
39.7604 0.271041
39.7635 0.271036
39.7667 0.271031
39.7698 0.271027
39.773 0.271024
39.7761 0.271021
39.7793 0.271018
39.7824 0.271016
39.9085 0.286389
39.9117 0.28409
39.9148 0.282079
39.918 0.280194
39.9211 0.27867
39.9243 0.277336
39.9274 0.276169
39.9306 0.275148
39.9337 0.274254
39.9369 0.273473
39.94 0.272789
39.9432 0.27219
39.9463 0.271666
39.9495 0.271208
39.9526 0.270807
39.9558 0.270456
39.9589 0.270024
39.9621 0.269771
39.9652 0.26955
39.9684 0.269356
39.9715 0.269186
39.9747 0.269038
39.9778 0.268908
39.981 0.268795
39.9842 0.268695
39.9873 0.268609
39.9905 0.268532
39.9936 0.268466
39.9968 0.268408
39.9999 0.268357
40.0031 0.268312
40.0062 0.268273
40.0094 0.268239
40.0125 0.268209
40.0157 0.268183
40.0188 0.26816
40.022 0.268015
40.0251 0.268013
40.0283 0.268012
40.0314 0.26801
40.0346 0.268009
40.0377 0.268008
40.0409 0.268007
40.044 0.268006
40.0472 0.268005
40.1764 0.283755
40.1796 0.28216
40.1827 0.280765
40.1859 0.279545
40.189 0.278601
40.1922 0.277651
40.1953 0.27682
40.1985 0.276092
40.2016 0.275456
40.2048 0.274899
40.2079 0.274412
40.2111 0.273985
40.2142 0.273612
40.2174 0.273285
40.2206 0.273
40.2237 0.27275
40.2269 0.272531
40.23 0.272465
40.2332 0.272282
40.2363 0.272121
40.2395 0.271981
40.2426 0.271859
40.2458 0.271751
40.2489 0.271657
40.2521 0.271575
40.2552 0.271503
40.2584 0.27144
40.2615 0.271385
40.2647 0.271337
40.2678 0.271295
40.271 0.271258
40.2741 0.271226
40.2773 0.271198
40.2804 0.271173
40.2836 0.271151
40.2867 0.271132
40.2899 0.271116
40.293 0.271226
40.2962 0.271198
40.2994 0.271173
40.3025 0.271152
40.3057 0.271133
40.3088 0.271116
40.312 0.271102
40.3151 0.271089
40.3183 0.271078
40.4506 0.271443
40.4538 0.271763
40.457 0.272042
40.4601 0.272412
40.4633 0.272611
40.4664 0.272784
40.4696 0.272936
40.4727 0.273069
40.4759 0.273186
40.479 0.273412
40.4822 0.273611
40.4853 0.273659
40.4885 0.273702
40.4916 0.273739
40.4948 0.273772
40.4979 0.2738
40.5011 0.27395
40.5042 0.273957
40.5074 0.273962
40.5105 0.273967
40.5137 0.273971
40.5168 0.273975
40.52 0.273978
40.5231 0.274105
40.5263 0.274092
40.5294 0.274081
40.5326 0.274071
40.5358 0.274062
40.5389 0.274054
40.5421 0.274172
40.5452 0.274276
40.5484 0.274241
40.5515 0.274211
40.5547 0.274185
40.5578 0.274162
40.561 0.274141
40.5641 0.274249
40.5673 0.274218
40.5704 0.27419
40.5736 0.274167
40.5767 0.274146
40.5799 0.274128
40.583 0.274237
40.5862 0.274332
40.5893 0.274291
40.5925 0.274254
40.7264 0.274472
40.7296 0.274663
40.7328 0.27483
40.7359 0.274852
40.7391 0.274995
40.7422 0.275121
40.7454 0.275231
40.7485 0.275327
40.7517 0.275411
40.7548 0.27536
40.758 0.275315
40.7611 0.2754
40.7643 0.275475
40.7674 0.275541
40.7706 0.275598
40.7737 0.275648
40.7769 0.275567
40.78 0.275621
40.7832 0.275669
40.7863 0.27571
40.7895 0.275746
40.7926 0.275778
40.7958 0.275806
40.7989 0.275705
40.8021 0.275742
40.8052 0.275774
40.8084 0.275802
40.8116 0.275827
40.8147 0.275849
40.8179 0.275743
40.821 0.275775
40.8242 0.275803
40.8273 0.275828
40.8305 0.275849
40.8336 0.275868
40.8368 0.275885
40.8399 0.275774
40.8431 0.275802
40.8462 0.275827
40.8494 0.275849
40.8525 0.275867
40.8557 0.275884
40.8588 0.275774
40.862 0.275677
40.8651 0.275717
40.8683 0.275753
41.0022 0.275784
41.0054 0.275811
41.0086 0.275834
41.0117 0.275855
41.0149 0.275748
41.018 0.276155
41.0212 0.27651
41.0243 0.276821
41.0275 0.277094
41.0306 0.277332
41.0338 0.277541
41.0369 0.277723
41.0401 0.277883
41.0432 0.278022
41.0464 0.278145
41.0495 0.278251
41.0527 0.278345
41.0558 0.278427
41.059 0.278374
41.0621 0.278452
41.0653 0.27852
41.0684 0.27858
41.0716 0.278633
41.0747 0.278679
41.0779 0.278719
41.081 0.278754
41.0842 0.278785
41.0874 0.278812
41.0905 0.278835
41.0937 0.278856
41.0968 0.278874
41.1 0.278765
41.1031 0.278794
41.1063 0.27882
41.1094 0.278842
41.1126 0.278862
41.1157 0.278879
41.1189 0.278894
41.122 0.278908
41.1252 0.278919
41.1283 0.278929
41.1315 0.278938
41.1346 0.278946
41.1378 0.278953
41.1409 0.278959
41.1441 0.278964
41.278 0.295343
41.2812 0.2933
41.2844 0.291513
41.2875 0.289949
41.2907 0.28858
41.2938 0.287383
41.297 0.28621
41.3001 0.285309
41.3033 0.28452
41.3064 0.28383
41.3096 0.283226
41.3127 0.282698
41.3159 0.282236
41.319 0.281831
41.3222 0.281477
41.3253 0.281168
41.3285 0.280897
41.3316 0.28066
41.3348 0.280452
41.3379 0.280271
41.3411 0.280112
41.3442 0.279973
41.3474 0.279851
41.3505 0.279745
41.3537 0.279652
41.3568 0.27957
41.36 0.279499
41.3632 0.279437
41.3663 0.279382
41.3695 0.279334
41.3726 0.279292
41.3758 0.279256
41.3789 0.279224
41.3821 0.279196
41.3852 0.279171
41.3884 0.27915
41.3915 0.279131
41.3947 0.279115
41.3978 0.2791
41.401 0.278963
41.4041 0.278968
41.4073 0.278972
41.4104 0.278975
41.4136 0.278978
41.4167 0.278981
41.4199 0.278983
41.557 0.295735
41.5602 0.294019
41.5633 0.292516
41.5665 0.291202
41.5696 0.290051
41.5728 0.289045
41.5759 0.288164
41.5791 0.287519
41.5822 0.286829
41.5854 0.286225
41.5885 0.285697
41.5917 0.285235
41.5948 0.284831
41.598 0.284477
41.6011 0.284167
41.6043 0.283896
41.6074 0.283659
41.6106 0.283452
41.6137 0.28327
41.6169 0.283112
41.62 0.283098
41.6232 0.28296
41.6263 0.28284
41.6295 0.282735
41.6326 0.282643
41.6358 0.282563
41.639 0.282493
41.6421 0.282431
41.6453 0.282377
41.6484 0.28233
41.6516 0.282289
41.6547 0.282253
41.6579 0.282221
41.661 0.282318
41.6642 0.282279
41.6673 0.282244
41.6705 0.282213
41.6736 0.282187
41.6768 0.282163
41.6799 0.282143
41.6831 0.28225
41.6862 0.282219
41.6894 0.282191
41.6925 0.282168
41.6957 0.282147
41.6988 0.282128
41.702 0.282112
41.8423 0.282473
41.8454 0.282789
41.8486 0.283065
41.8517 0.283307
41.8549 0.283519
41.858 0.283829
41.8612 0.2841
41.8643 0.284213
41.8675 0.284311
41.8706 0.284397
41.8738 0.284473
41.8769 0.284539
41.8801 0.284721
41.8832 0.284881
41.8864 0.284896
41.8895 0.284909
41.8927 0.28492
41.8958 0.28493
41.899 0.284939
41.9021 0.285072
41.9053 0.285063
41.9084 0.285055
41.9116 0.285048
41.9148 0.285042
41.9179 0.285037
41.9211 0.285157
41.9242 0.285263
41.9274 0.28523
41.9305 0.285201
41.9337 0.285176
41.9368 0.285154
41.94 0.285135
41.9431 0.285243
41.9463 0.285212
41.9494 0.285186
41.9526 0.285163
41.9557 0.285142
41.9589 0.285125
41.962 0.285234
41.9652 0.28533
41.9683 0.285289
41.9715 0.285252
41.9746 0.285221
41.9778 0.285193
41.9809 0.285169
41.9841 0.285273
41.9872 0.285364
42.1275 0.285318
42.1307 0.285279
42.1338 0.285244
42.137 0.285213
42.1401 0.285312
42.1433 0.285273
42.1464 0.285239
42.1496 0.285209
42.1527 0.285183
42.1559 0.28516
42.159 0.285265
42.1622 0.285357
42.1653 0.285312
42.1685 0.285273
42.1716 0.285239
42.1748 0.285209
42.1779 0.285183
42.1811 0.285285
42.1842 0.285374
42.1874 0.285328
42.1906 0.285287
42.1937 0.285251
42.1969 0.28522
42.2 0.285317
42.2032 0.285402
42.2063 0.285352
42.2095 0.285308
42.2126 0.28527
42.2158 0.285236
42.2189 0.285206
42.2221 0.285306
42.2252 0.285392
42.2284 0.285343
42.2315 0.2853
42.2347 0.285263
42.2378 0.28523
42.241 0.285201
42.2441 0.285301
42.2473 0.285263
42.2504 0.285231
42.2536 0.285202
42.2567 0.285177
42.2599 0.285154
42.263 0.28526
42.2662 0.285353
42.2694 0.285309
42.2725 0.28527
42.4112 0.302611
42.4143 0.30066
42.4175 0.298952
42.4206 0.297458
42.4238 0.296151
42.427 0.294882
42.4301 0.293897
42.4333 0.293035
42.4364 0.29228
42.4396 0.29162
42.4427 0.291043
42.4459 0.290412
42.449 0.289986
42.4522 0.289613
42.4553 0.289286
42.4585 0.289
42.4616 0.28875
42.4648 0.288531
42.4679 0.288215
42.4711 0.288063
42.4742 0.28793
42.4774 0.287814
42.4805 0.287712
42.4837 0.287623
42.4868 0.28742
42.49 0.287243
42.4931 0.287212
42.4963 0.287186
42.4994 0.287163
42.5026 0.287142
42.5058 0.287125
42.5089 0.286984
42.5121 0.286986
42.5152 0.286988
42.5184 0.286989
42.5215 0.286991
42.5247 0.286992
42.5278 0.286993
42.531 0.286869
42.5341 0.286885
42.5373 0.286899
42.5404 0.286912
42.5436 0.286923
42.5467 0.286933
42.5499 0.286816
42.553 0.286839
42.5562 0.286859
42.698 0.304252
42.7012 0.30247
42.7043 0.300912
42.7075 0.299548
42.7106 0.298354
42.7138 0.29731
42.7169 0.296396
42.7201 0.295597
42.7232 0.294897
42.7264 0.294285
42.7295 0.293749
42.7327 0.293281
42.7358 0.292871
42.739 0.292512
42.7422 0.292198
42.7453 0.291923
42.7485 0.291683
42.7516 0.291472
42.7548 0.291288
42.7579 0.291127
42.7611 0.290986
42.7642 0.290863
42.7674 0.290755
42.7705 0.290661
42.7737 0.290578
42.7768 0.290506
42.78 0.290443
42.7831 0.290387
42.7863 0.290339
42.7894 0.290297
42.7926 0.290259
42.7957 0.290227
42.7989 0.290199
42.802 0.290174
42.8052 0.290152
42.8083 0.290133
42.8115 0.290116
42.8146 0.290102
42.8178 0.290089
42.821 0.290078
42.8241 0.290068
42.8273 0.29006
42.8304 0.290052
42.8336 0.290046
42.8367 0.29004
42.8399 0.290035
42.843 0.290031
42.988 0.307777
42.9912 0.30593
42.9943 0.304313
42.9975 0.302899
43.0006 0.301662
43.0038 0.300579
43.0069 0.299632
43.0101 0.298928
43.0132 0.298187
43.0164 0.297538
43.0195 0.296971
43.0227 0.296475
43.0258 0.29604
43.029 0.29566
43.0321 0.295328
43.0353 0.295037
43.0384 0.294782
43.0416 0.294559
43.0447 0.294365
43.0479 0.294194
43.051 0.29417
43.0542 0.294023
43.0574 0.293896
43.0605 0.293784
43.0637 0.293686
43.0668 0.2936
43.07 0.293525
43.0731 0.293584
43.0763 0.293511
43.0794 0.293447
43.0826 0.293391
43.0857 0.293343
43.0889 0.2933
43.092 0.293387
43.0952 0.293339
43.0983 0.293296
43.1015 0.293259
43.1046 0.293227
43.1078 0.293199
43.1109 0.293174
43.1141 0.293277
43.1172 0.293242
43.1204 0.293212
43.1235 0.293186
43.1267 0.293162
43.1298 0.293142
43.133 0.293249
43.1362 0.293218
43.2843 0.293566
43.2874 0.29387
43.2906 0.294136
43.2938 0.294369
43.2969 0.294573
43.3001 0.294877
43.3032 0.295142
43.3064 0.295249
43.3095 0.295343
43.3127 0.295425
43.3158 0.295497
43.319 0.29556
43.3221 0.29574
43.3253 0.295897
43.3284 0.29591
43.3316 0.295921
43.3347 0.295931
43.3379 0.29594
43.341 0.296072
43.3442 0.296188
43.3473 0.296165
43.3505 0.296144
43.3536 0.296126
43.3568 0.29611
43.3599 0.296097
43.3631 0.29621
43.3662 0.296308
43.3694 0.29627
43.3726 0.296236
43.3757 0.296207
43.3789 0.296181
43.382 0.296283
43.3852 0.296373
43.3883 0.296326
43.3915 0.296285
43.3946 0.29625
43.3978 0.296218
43.4009 0.296191
43.4041 0.296292
43.4072 0.296381
43.4104 0.296333
43.4135 0.296292
43.4167 0.296255
43.4198 0.296223
43.423 0.296195
43.4261 0.296296
43.4293 0.296259
43.4324 0.296227
43.5774 0.295823
43.5806 0.29547
43.5837 0.295162
43.5869 0.294891
43.59 0.29478
43.5932 0.294557
43.5963 0.294363
43.5995 0.294192
43.6026 0.294043
43.6058 0.293913
43.609 0.293799
43.6121 0.293824
43.6153 0.293721
43.6184 0.293631
43.6216 0.293552
43.6247 0.293483
43.6279 0.293423
43.631 0.293495
43.6342 0.293433
43.6373 0.293379
43.6405 0.293331
43.6436 0.29329
43.6468 0.293254
43.6499 0.293222
43.6531 0.293319
43.6562 0.293279
43.6594 0.293244
43.6625 0.293214
43.6657 0.293187
43.6688 0.293164
43.672 0.293143
43.6751 0.293125
43.6783 0.29311
43.6814 0.293096
43.6846 0.293084
43.6878 0.293073
43.6909 0.293064
43.6941 0.293181
43.6972 0.293659
43.7004 0.293951
43.7035 0.294207
43.7067 0.294431
43.7098 0.294628
43.713 0.294799
43.7161 0.295074
43.7193 0.295315
43.7224 0.295401
43.7256 0.295475
43.8721 0.313541
43.8753 0.311598
43.8784 0.309899
43.8816 0.308411
43.8848 0.30711
43.8879 0.305846
43.8911 0.304865
43.8942 0.304007
43.8974 0.303256
43.9005 0.302599
43.9037 0.302024
43.9068 0.301521
43.91 0.300956
43.9131 0.300587
43.9163 0.300263
43.9194 0.29998
43.9226 0.299733
43.9257 0.299516
43.9289 0.299202
43.932 0.299051
43.9352 0.29892
43.9383 0.298805
43.9415 0.298704
43.9446 0.298616
43.9478 0.298539
43.9509 0.298347
43.9541 0.298304
43.9572 0.298266
43.9604 0.298232
43.9636 0.298203
43.9667 0.298178
43.9699 0.298156
43.973 0.298136
43.9762 0.298119
43.9793 0.298104
43.9825 0.298091
43.9856 0.29808
43.9888 0.29807
43.9919 0.297936
43.9951 0.297944
43.9982 0.297951
44.0014 0.297957
44.0045 0.297963
44.0077 0.297967
44.0108 0.297971
44.014 0.29785
44.0171 0.297869
44.0203 0.297885
44.17 0.316274
44.1732 0.314365
44.1763 0.312695
44.1795 0.311233
44.1826 0.309954
44.1858 0.308834
44.1889 0.307855
44.1921 0.306998
44.1952 0.306248
44.1984 0.305592
44.2015 0.305018
44.2047 0.304516
44.2078 0.304077
44.211 0.303692
44.2141 0.303355
44.2173 0.303061
44.2204 0.302803
44.2236 0.302578
44.2267 0.302381
44.2299 0.302208
44.233 0.302057
44.2362 0.301925
44.2394 0.301809
44.2425 0.301708
44.2457 0.30162
44.2488 0.301542
44.252 0.301474
44.2551 0.301415
44.2583 0.301363
44.2614 0.301318
44.2646 0.301278
44.2677 0.301243
44.2709 0.301213
44.274 0.301186
44.2772 0.301163
44.2803 0.301143
44.2835 0.301125
44.2866 0.301109
44.2898 0.301096
44.2929 0.301084
44.2961 0.301073
44.2992 0.301064
44.3024 0.301056
44.3055 0.301049
44.3087 0.301043
44.3118 0.301038
44.315 0.301158
44.3182 0.301138
44.471 0.319871
44.4742 0.317887
44.4773 0.316151
44.4805 0.314632
44.4836 0.313303
44.4868 0.31214
44.4899 0.311123
44.4931 0.310357
44.4962 0.309563
44.4994 0.308867
44.5025 0.308259
44.5057 0.307727
44.5088 0.307261
44.512 0.306978
44.5152 0.306731
44.5183 0.30639
44.5215 0.306091
44.5246 0.305829
44.5278 0.305601
44.5309 0.305401
44.5341 0.305351
44.5372 0.305182
44.5404 0.305034
44.5435 0.304905
44.5467 0.304792
44.5498 0.304693
44.553 0.304606
44.5561 0.304655
44.5593 0.304573
44.5624 0.304502
44.5656 0.304439
44.5687 0.304384
44.5719 0.304336
44.575 0.304419
44.5782 0.304367
44.5813 0.304321
44.5845 0.304281
44.5876 0.304246
44.5908 0.304215
44.594 0.304188
44.5971 0.30429
44.6003 0.304253
44.6034 0.304222
44.6066 0.304194
44.6097 0.30417
44.6129 0.304149
44.616 0.304255
44.6192 0.304223
44.6223 0.304195
44.7752 0.304171
44.7783 0.304149
44.7815 0.304131
44.7846 0.304114
44.7878 0.3041
44.791 0.304088
44.7941 0.304202
44.7973 0.304176
44.8004 0.304154
44.8036 0.304135
44.8067 0.304118
44.8099 0.304103
44.813 0.304216
44.8162 0.304189
44.8193 0.304165
44.8225 0.304144
44.8256 0.304126
44.8288 0.304111
44.8319 0.304097
44.8351 0.30421
44.8382 0.304183
44.8414 0.30416
44.8445 0.30414
44.8477 0.304123
44.8508 0.304108
44.854 0.304094
44.8571 0.304207
44.8603 0.304181
44.8634 0.304159
44.8666 0.304139
44.8698 0.304122
44.8729 0.304106
44.8761 0.304218
44.8792 0.304191
44.8824 0.304167
44.8855 0.304146
44.8887 0.304128
44.8918 0.304112
44.895 0.304098
44.8981 0.304211
44.9013 0.304184
44.9044 0.304161
44.9076 0.304141
44.9107 0.304123
44.9139 0.304108
44.917 0.30422
44.9202 0.304192
44.9233 0.304168
44.9265 0.304147
45.0794 0.304129
45.0825 0.304113
45.0857 0.304099
45.0888 0.304086
45.092 0.304075
45.0951 0.304191
45.0983 0.304167
45.1014 0.304146
45.1046 0.304128
45.1077 0.304112
45.1109 0.304098
45.114 0.304211
45.1172 0.304184
45.1203 0.304161
45.1235 0.304141
45.1266 0.304124
45.1298 0.304108
45.1329 0.304095
45.1361 0.304208
45.1392 0.304182
45.1424 0.304159
45.1456 0.304139
45.1487 0.304122
45.1519 0.304482
45.155 0.304921
45.1582 0.305306
45.1613 0.305643
45.1645 0.305813
45.1676 0.305961
45.1708 0.306091
45.1739 0.306204
45.1771 0.306429
45.1802 0.306625
45.1834 0.306672
45.1865 0.306713
45.1897 0.306749
45.1928 0.30678
45.196 0.306808
45.1991 0.306957
45.2023 0.307087
45.2054 0.307076
45.2086 0.307067
45.2117 0.307058
45.2149 0.307051
45.218 0.30717
45.2212 0.307274
45.2244 0.307239
45.2275 0.307209
45.2307 0.307183
45.3867 0.326285
45.3898 0.32425
45.393 0.322468
45.3961 0.321035
45.3993 0.319781
45.4024 0.318683
45.4056 0.317598
45.4087 0.316648
45.4119 0.315817
45.415 0.315215
45.4182 0.314688
45.4214 0.314227
45.4245 0.313699
45.4277 0.313236
45.4308 0.312832
45.434 0.312478
45.4371 0.312293
45.4403 0.312131
45.4434 0.31199
45.4466 0.311741
45.4497 0.311524
45.4529 0.311333
45.456 0.311291
45.4592 0.311255
45.4623 0.311223
45.4655 0.31107
45.4686 0.310936
45.4718 0.310819
45.4749 0.310717
45.4781 0.310752
45.4812 0.310783
45.4844 0.31081
45.4875 0.310709
45.4907 0.31062
45.4938 0.310543
45.497 0.3106
45.5002 0.31065
45.5033 0.310694
45.5065 0.310732
45.5096 0.310641
45.5128 0.31056
45.5159 0.31049
45.5191 0.310554
45.5222 0.31061
45.5254 0.310659
45.5285 0.310576
45.5317 0.310504
45.5348 0.310441
45.538 0.310386
45.6956 0.329713
45.6987 0.327499
45.7019 0.325561
45.705 0.323991
45.7082 0.322492
45.7113 0.321181
45.7145 0.320033
45.7176 0.319029
45.7208 0.31815
45.7239 0.317382
45.7271 0.316709
45.7302 0.31612
45.7334 0.315605
45.7366 0.315155
45.7397 0.31476
45.7429 0.314415
45.746 0.314238
45.7492 0.313959
45.7523 0.313714
45.7555 0.3135
45.7586 0.313312
45.7618 0.313148
45.7649 0.313005
45.7681 0.312879
45.7712 0.312769
45.7744 0.312673
45.7775 0.312589
45.7807 0.312515
45.7838 0.312451
45.787 0.312394
45.7901 0.312345
45.7933 0.312302
45.7964 0.312264
45.7996 0.312231
45.8027 0.312202
45.8059 0.312177
45.809 0.312155
45.8122 0.312136
45.8154 0.312119
45.8185 0.312104
45.8217 0.312091
45.8248 0.312079
45.828 0.31207
45.8311 0.312061
45.8343 0.312053
45.8374 0.312047
45.8406 0.312041
45.8437 0.312036
45.8469 0.312031
45.85 0.312152
46.0108 0.312508
46.0139 0.31282
46.0171 0.313217
46.0202 0.31344
46.0234 0.313635
46.0265 0.313806
46.0297 0.313955
46.0328 0.314086
46.036 0.3142
46.0391 0.314425
46.0423 0.314497
46.0454 0.31456
46.0486 0.314615
46.0518 0.314663
46.0549 0.314705
46.0581 0.314867
46.0612 0.314884
46.0644 0.314898
46.0675 0.314911
46.0707 0.314922
46.0738 0.314932
46.077 0.31494
46.0801 0.315073
46.0833 0.315064
46.0864 0.315056
46.0896 0.315049
46.0927 0.315043
46.0959 0.315037
46.099 0.315158
46.1022 0.315263
46.1053 0.31523
46.1085 0.315201
46.1116 0.315176
46.1148 0.315154
46.1179 0.315135
46.1211 0.315243
46.1242 0.315213
46.1274 0.315186
46.1306 0.315163
46.1337 0.315142
46.1369 0.315125
46.14 0.315234
46.1432 0.31533
46.1463 0.315289
46.1495 0.315253
46.1526 0.315221
46.1558 0.315193
46.1589 0.315169
46.1621 0.315273
46.1652 0.315239
46.3228 0.314834
46.326 0.31448
46.3291 0.31417
46.3323 0.313899
46.3354 0.313661
46.3386 0.313454
46.3417 0.313272
46.3449 0.313113
46.348 0.313099
46.3512 0.312961
46.3543 0.312841
46.3575 0.312736
46.3606 0.312644
46.3638 0.312564
46.367 0.312493
46.3701 0.312431
46.3733 0.312378
46.3764 0.31233
46.3796 0.312289
46.3827 0.312253
46.3859 0.312221
46.389 0.312319
46.3922 0.312279
46.3953 0.312244
46.3985 0.312213
46.4016 0.312187
46.4048 0.312163
46.4079 0.312143
46.4111 0.312125
46.4142 0.312109
46.4174 0.312096
46.4205 0.312084
46.4237 0.312073
46.4268 0.312064
46.43 0.312056
46.4331 0.312049
46.4363 0.312043
46.4394 0.312038
46.4426 0.312033
46.4458 0.312029
46.4489 0.312025
46.4521 0.312022
46.4552 0.312019
46.4584 0.312017
46.4615 0.312015
46.4647 0.312013
46.4678 0.312011
46.471 0.31201
46.4741 0.312009
46.4773 0.312008
46.6396 0.312632
46.6428 0.313178
46.6459 0.31353
46.6491 0.314339
46.6522 0.315047
46.6554 0.315666
46.6585 0.316208
46.6617 0.316682
46.6648 0.317097
46.668 0.317334
46.6711 0.317668
46.6743 0.317959
46.6774 0.318214
46.6806 0.318437
46.6837 0.318633
46.6869 0.318804
46.69 0.318953
46.6932 0.319084
46.6963 0.319199
46.6995 0.319299
46.7026 0.319386
46.7058 0.319463
46.7089 0.319405
46.7121 0.31948
46.7152 0.319545
46.7184 0.319602
46.7216 0.319651
46.7247 0.319695
46.7279 0.319733
46.731 0.319766
46.7342 0.319796
46.7373 0.319821
46.7405 0.319844
46.7436 0.319863
46.7468 0.31988
46.7499 0.319895
46.7531 0.319908
46.7562 0.31992
46.7594 0.31993
46.7625 0.319939
46.7657 0.319946
46.7688 0.319953
46.772 0.319834
46.7751 0.319855
46.7783 0.319873
46.7814 0.319889
46.7846 0.319903
46.7877 0.319915
46.7909 0.319925
46.794 0.319935
46.958 0.339943
46.9611 0.3377
46.9643 0.335738
46.9674 0.33402
46.9706 0.332393
46.9737 0.330969
46.9769 0.329723
46.98 0.328757
46.9832 0.327913
46.9863 0.327174
46.9895 0.326527
46.9926 0.325836
46.9958 0.325231
46.9989 0.324703
47.0021 0.324365
47.0052 0.324069
47.0084 0.323811
47.0115 0.323459
47.0147 0.323152
47.0178 0.322883
47.021 0.322647
47.0241 0.322567
47.0273 0.322496
47.0304 0.322434
47.0336 0.322255
47.0368 0.322098
47.0399 0.32196
47.0431 0.321965
47.0462 0.32197
47.0494 0.321974
47.0525 0.321852
47.0557 0.321745
47.0588 0.321652
47.062 0.321571
47.0651 0.321624
47.0683 0.321671
47.0714 0.321712
47.0746 0.321623
47.0777 0.321545
47.0809 0.321477
47.084 0.321543
47.0872 0.3216
47.0903 0.32165
47.0935 0.321694
47.0966 0.321607
47.0998 0.321531
47.1029 0.321465
47.1061 0.321532
47.1092 0.32159
47.1124 0.321641
47.2795 0.342061
47.2826 0.339929
47.2858 0.337937
47.2889 0.336195
47.2921 0.334796
47.2952 0.333571
47.2984 0.3325
47.3015 0.331562
47.3047 0.330617
47.3078 0.32979
47.311 0.329066
47.3141 0.328558
47.3173 0.328113
47.3204 0.327724
47.3236 0.327384
47.3267 0.326961
47.3299 0.326591
47.333 0.326392
47.3362 0.326218
47.3393 0.326066
47.3425 0.325932
47.3456 0.325816
47.3488 0.325589
47.352 0.32539
47.3551 0.325341
47.3583 0.325299
47.3614 0.325261
47.3646 0.325229
47.3677 0.325075
47.3709 0.324941
47.374 0.324948
47.3772 0.324955
47.3803 0.32496
47.3835 0.324965
47.3866 0.32497
47.3898 0.324848
47.3929 0.324742
47.3961 0.324775
47.3992 0.324803
47.4024 0.324827
47.4055 0.324849
47.4087 0.324743
47.4118 0.32465
47.415 0.324569
47.4181 0.324623
47.4213 0.32467
47.4244 0.324711
47.4276 0.324747
47.4308 0.324654
47.4339 0.324572
47.4371 0.324626
47.601 0.324172
47.6041 0.323901
47.6073 0.323663
47.6104 0.323455
47.6136 0.323148
47.6167 0.32288
47.6199 0.322645
47.623 0.322564
47.6262 0.322494
47.6293 0.322432
47.6325 0.322378
47.6356 0.322206
47.6388 0.322055
47.6419 0.321923
47.6451 0.321933
47.6482 0.321941
47.6514 0.321949
47.6545 0.32183
47.6577 0.321726
47.6608 0.321635
47.664 0.321681
47.6672 0.321721
47.6703 0.321756
47.6735 0.321786
47.6766 0.321688
47.6798 0.321602
47.6829 0.321527
47.6861 0.321586
47.6892 0.321638
47.6924 0.321683
47.6955 0.321598
47.6987 0.321523
47.7018 0.321458
47.705 0.3214
47.7081 0.321475
47.7113 0.321541
47.7144 0.321598
47.7176 0.321523
47.7207 0.321458
47.7239 0.321401
47.727 0.321476
47.7302 0.321541
47.7333 0.321599
47.7365 0.321649
47.7396 0.321568
47.7428 0.321497
47.746 0.321435
47.7491 0.321505
47.7523 0.321567
47.7554 0.321621
47.7586 0.321544
47.9256 0.321976
47.9288 0.322229
47.9319 0.32245
47.9351 0.322769
47.9382 0.323048
47.9414 0.323292
47.9445 0.323505
47.9477 0.323567
47.9508 0.323621
47.954 0.323669
47.9571 0.323835
47.9603 0.323981
47.9634 0.324108
47.9666 0.32422
47.9697 0.324192
47.9729 0.324168
47.976 0.324272
47.9792 0.324363
47.9824 0.324443
47.9855 0.324512
47.9887 0.324448
47.9918 0.324392
47.995 0.324343
47.9981 0.324425
48.0013 0.324497
48.0044 0.32456
48.0076 0.324615
48.0107 0.324538
48.0139 0.324471
48.017 0.324912
48.0202 0.325298
48.0233 0.325636
48.0265 0.325931
48.0296 0.32619
48.0328 0.326416
48.0359 0.326489
48.0391 0.326678
48.0422 0.326843
48.0454 0.326988
48.0485 0.327114
48.0517 0.327225
48.0548 0.327197
48.058 0.327297
48.0612 0.327385
48.0643 0.327462
48.0675 0.327529
48.0706 0.327588
48.0738 0.32764
48.0769 0.32756
48.0801 0.327615
48.0832 0.327663
48.2518 0.34833
48.255 0.346039
48.2582 0.344034
48.2613 0.34228
48.2645 0.34062
48.2676 0.339167
48.2708 0.337896
48.2739 0.336784
48.2771 0.335936
48.2802 0.335194
48.2834 0.334545
48.2865 0.333852
48.2897 0.333245
48.2928 0.332715
48.296 0.33225
48.2991 0.331969
48.3023 0.331723
48.3054 0.331383
48.3086 0.331085
48.3117 0.330824
48.3149 0.330596
48.318 0.330522
48.3212 0.330456
48.3243 0.330399
48.3275 0.330224
48.3306 0.330071
48.3338 0.329937
48.337 0.32982
48.3401 0.329843
48.3433 0.329862
48.3464 0.329755
48.3496 0.32966
48.3527 0.329578
48.3559 0.329506
48.359 0.329567
48.3622 0.329621
48.3653 0.329669
48.3685 0.329585
48.3716 0.329512
48.3748 0.329448
48.3779 0.329392
48.3811 0.329468
48.3842 0.329535
48.3874 0.329468
48.3905 0.329409
48.3937 0.329358
48.3968 0.329313
48.4 0.329274
48.4031 0.329365
48.4063 0.329444
48.4094 0.329389
48.5797 0.350215
48.5828 0.347813
48.586 0.345587
48.5891 0.343763
48.5923 0.342168
48.5954 0.340772
48.5986 0.33955
48.6017 0.338482
48.6049 0.337546
48.608 0.336728
48.6112 0.336012
48.6143 0.335386
48.6175 0.334837
48.6206 0.334358
48.6238 0.333938
48.6269 0.333571
48.6301 0.333249
48.6332 0.332968
48.6364 0.332722
48.6395 0.332507
48.6427 0.332319
48.6458 0.332154
48.649 0.33201
48.6522 0.331883
48.6553 0.331773
48.6585 0.331676
48.6616 0.331592
48.6648 0.331518
48.6679 0.331453
48.6711 0.331396
48.6742 0.331347
48.6774 0.331304
48.6805 0.331266
48.6837 0.331232
48.6868 0.331203
48.69 0.331053
48.6931 0.331046
48.6963 0.331041
48.6994 0.331035
48.7026 0.331031
48.7057 0.331027
48.7089 0.331024
48.712 0.331021
48.7152 0.331018
48.7183 0.331016
48.7215 0.331014
48.7246 0.331012
48.7278 0.331011
48.731 0.331009
48.7341 0.331008
48.7373 0.331007
48.7404 0.331006
48.9122 0.331255
48.9153 0.331474
48.9185 0.331664
48.9216 0.331706
48.9248 0.331743
48.928 0.331775
48.9311 0.331928
48.9343 0.332062
48.9374 0.332179
48.9406 0.332157
48.9437 0.332137
48.9469 0.33212
48.95 0.33223
48.9532 0.332326
48.9563 0.332411
48.9595 0.332484
48.9626 0.332424
48.9658 0.332371
48.9689 0.332324
48.9721 0.332409
48.9752 0.332483
48.9784 0.332547
48.9815 0.332479
48.9847 0.332419
48.9878 0.332367
48.991 0.332321
48.9941 0.332406
48.9973 0.33248
49.0004 0.332545
49.0036 0.332477
49.0068 0.332417
49.0099 0.332365
49.0131 0.332444
49.0162 0.332514
49.0194 0.332575
49.0225 0.332628
49.0257 0.332549
49.0288 0.332481
49.032 0.332421
49.0351 0.332493
49.0383 0.332556
49.0414 0.332612
49.0446 0.332535
49.0477 0.332468
49.0509 0.33241
49.054 0.332484
49.0572 0.332548
49.0603 0.332605
49.0635 0.332654
49.0666 0.332572
49.0698 0.332501
49.0729 0.332438
49.2432 0.332258
49.2463 0.332101
49.2495 0.331963
49.2526 0.331843
49.2558 0.331738
49.2589 0.331645
49.2621 0.331565
49.2652 0.331494
49.2684 0.331432
49.2715 0.331378
49.2747 0.331331
49.2778 0.33129
49.281 0.331128
49.2841 0.331112
49.2873 0.331098
49.2904 0.331086
49.2936 0.331075
49.2967 0.331066
49.2999 0.331058
49.303 0.33105
49.3062 0.331044
49.3093 0.331039
49.3125 0.331034
49.3156 0.33103
49.3188 0.331026
49.322 0.331023
49.3251 0.33102
49.3283 0.331017
49.3314 0.331015
49.3346 0.331013
49.3377 0.331012
49.3409 0.33101
49.344 0.331009
49.3472 0.331008
49.3503 0.331007
49.3535 0.331006
49.3566 0.331005
49.3598 0.331005
49.3629 0.331004
49.3661 0.331003
49.3692 0.331003
49.3724 0.331003
49.3755 0.331002
49.3787 0.331002
49.3818 0.331002
49.385 0.330877
49.3881 0.330892
49.3913 0.330905
49.3944 0.330917
49.3976 0.330928
49.4008 0.331312
49.4039 0.331648
49.5773 0.353317
49.5804 0.351277
49.5836 0.349493
49.5867 0.347931
49.5899 0.346565
49.593 0.345494
49.5962 0.344557
49.5993 0.343613
49.6025 0.342786
49.6056 0.342063
49.6088 0.34143
49.6119 0.340876
49.6151 0.340517
49.6182 0.340202
49.6214 0.339802
49.6245 0.339452
49.6277 0.339145
49.6308 0.338877
49.634 0.338767
49.6372 0.338671
49.6403 0.338463
49.6435 0.33828
49.6466 0.33812
49.6498 0.33798
49.6529 0.337857
49.6561 0.337875
49.6592 0.337891
49.6624 0.337779
49.6655 0.337682
49.6687 0.337597
49.6718 0.337522
49.675 0.337457
49.6781 0.337525
49.6813 0.337459
49.6844 0.337402
49.6876 0.337352
49.6907 0.337308
49.6939 0.337269
49.697 0.337361
49.7002 0.33744
49.7033 0.337385
49.7065 0.337337
49.7096 0.337295
49.7128 0.337258
49.716 0.337226
49.7191 0.337323
49.7223 0.337407
49.7254 0.337356
49.7286 0.337312
49.7317 0.337273
49.7349 0.337239
49.738 0.337334
49.913 0.358792
49.9161 0.356318
49.9193 0.354153
49.9224 0.352259
49.9256 0.350602
49.9287 0.349152
49.9319 0.347758
49.935 0.346663
49.9382 0.345705
49.9413 0.344867
49.9445 0.344134
49.9476 0.343492
49.9508 0.34293
49.9539 0.342314
49.9571 0.3419
49.9602 0.341537
49.9634 0.34122
49.9665 0.340943
49.9697 0.3407
49.9728 0.340362
49.976 0.340067
49.9791 0.339934
49.9823 0.339817
49.9854 0.339715
49.9886 0.339625
49.9918 0.339547
49.9949 0.339354
49.9981 0.33931
50.0012 0.339271
50.0044 0.339237
50.0075 0.339207
50.0107 0.339182
50.0138 0.339159
50.017 0.339014
50.0201 0.339012
50.0233 0.339011
50.0264 0.339009
50.0296 0.339008
50.0327 0.339007
50.0359 0.338881
50.039 0.338896
50.0422 0.338909
50.0453 0.33892
50.0485 0.33893
50.0516 0.338939
50.0548 0.338947
50.0579 0.338828
50.0611 0.33885
50.0642 0.338869
50.0674 0.338885
50.0706 0.338899
50.0737 0.338912
