0.0 0
3.2537 3400
3.2537 3400
3.51236 3740
3.51709 4080
3.52024 4420
3.52339 4760
3.52654 5100
3.72812 5440
3.78816 5780
3.79446 6120
3.79762 6460
3.80077 6800
3.80392 7140
3.80707 7480
3.81022 7820
4.01038 8160
4.07342 8500
4.07972 8840
4.08287 9180
4.08602 9520
4.08918 9860
4.09233 10200
4.09548 10540
4.09863 10880
4.10178 11220
4.10494 11560
4.30509 11900
4.30824 12240
4.37128 12580
4.37758 12920
4.38074 13260
4.38389 13600
4.38704 13940
4.39019 14280
4.39334 14620
4.3965 14960
4.39965 15300
4.4028 15640
4.40602 15980
4.4091 16320
4.41226 16660
4.41541 17000
4.41856 17340
4.61871 17680
4.62186 18020
4.62502 18360
4.68806 18700
4.69436 19040
4.69751 19380
4.70066 19720
4.70382 20060
4.70697 20400
4.71012 20740
4.71327 21080
4.71642 21420
4.71958 21760
4.72273 22100
4.72588 22440
4.72903 22780
4.73218 23120
4.73534 23460
4.74006 23800
4.74322 24140
4.74637 24480
4.74952 24820
4.75432 24820
4.75432 12070
5.47763 12079
5.48078 12088
5.48394 12097
5.48709 12106
5.49024 12115
5.49339 12124
5.49654 12133
5.4997 12142
5.50285 12151
5.63523 12160
5.63838 12169
5.64154 12178
5.64469 12187
5.64784 12196
5.65099 12205
5.65414 12214
5.6573 12223
5.66045 12232
5.6636 12241
5.66675 12250
5.6699 12259
5.67306 12268
5.67621 12277
5.67936 12286
5.68251 12295
5.68566 12304
5.8212 12313
5.82435 12322
5.8275 12331
5.83066 12340
5.83381 12349
5.83696 12358
5.84011 12367
5.84326 12376
5.84642 12385
5.84957 12394
5.85272 12403
5.85587 12412
5.85902 12421
5.86218 12430
5.86533 12439
5.86848 12448
5.87163 12457
5.87478 12466
6.00717 12475
6.01032 12484
6.01347 12493
6.01662 12502
6.01978 12511
6.02293 12520
6.02608 12529
6.02923 12538
6.03238 12547
6.03554 12556
6.03869 12565
6.04184 12574
6.04499 12583
6.04814 12592
6.0513 12601
6.05445 12610
6.0576 12619
6.06075 12628
6.19629 12637
6.19944 12646
6.20259 12655
6.20574 12664
6.2089 12673
6.21205 12682
6.2152 12691
6.21835 12700
6.2215 12709
6.22466 12718
6.22781 12727
6.23096 12736
6.23411 12745
6.23726 12754
6.24042 12763
6.24357 12772
6.24672 12781
6.24987 12790
6.38856 12799
6.39171 12808
6.39486 12817
6.39802 12826
6.40117 12835
6.40432 12844
6.40747 12853
6.41062 12861
6.41378 12869
6.41693 12877
6.42008 12885
6.42323 12893
6.42638 12901
6.42954 12909
6.43269 12917
6.43584 12925
6.43899 12933
6.44214 12941
6.58398 12949
6.58714 12957
6.59029 12965
6.59344 12973
6.59659 12981
6.59974 12989
6.6029 12997
6.60605 13005
6.6092 13013
6.61235 13021
6.6155 13029
6.61866 13037
6.62181 13045
6.62496 13053
6.62811 13061
6.63126 13069
6.63442 13077
6.63757 13085
6.64072 13093
6.77941 13101
6.78256 13109
6.78571 13117
6.78886 13125
6.79202 13133
6.79517 13141
6.79832 13149
6.80147 13157
6.80462 13165
6.80778 13173
6.81093 13181
6.81408 13189
6.81723 13197
6.82038 13205
6.82354 13213
6.82669 13221
6.82984 13229
6.83299 13237
6.83614 13245
6.97483 13253
6.97798 13261
6.98114 13269
6.98429 13277
6.98744 13285
6.99059 13293
6.99374 13301
6.9969 13309
7.00005 13317
7.0032 13325
7.00635 13333
7.0095 13341
7.01266 13349
7.01581 13357
7.01896 13365
7.02211 13373
7.02526 13381
7.02842 13389
7.03157 13397
7.17341 13405
7.17656 13413
7.17971 13421
7.18286 13429
7.18602 13437
7.18917 13445
7.19232 13453
7.19547 13461
7.19862 13469
7.20178 13477
7.20493 13485
7.20808 13493
7.21123 13501
7.21438 13509
7.21754 13517
7.22069 13525
7.22384 13533
7.22699 13541
7.23014 13549
7.37514 13557
7.37829 13565
7.38144 13573
7.38459 13581
7.38774 13589
7.3909 13597
7.39405 13605
7.3972 13613
7.40035 13621
7.4035 13629
7.40666 13637
7.40981 13645
7.41296 13653
7.41611 13661
7.41926 13669
7.42242 13677
7.42557 13685
7.42872 13693
7.43187 13701
7.58002 13709
7.58317 13717
7.58632 13725
7.58947 13733
7.59262 13741
7.59578 13749
7.59893 13757
7.60208 13765
7.60523 13773
7.60838 13781
7.61154 13789
7.61469 13797
7.61784 13805
7.62099 13813
7.62414 13821
7.6273 13829
7.63045 13837
7.6336 13845
7.63675 13853
7.6399 13861
7.7849 13869
7.78805 13877
7.7912 13885
7.79435 13893
7.7975 13901
7.80066 13909
7.80381 13917
7.80696 13925
7.81011 13933
7.81326 13941
7.81642 13949
7.81957 13957
7.82272 13965
7.82587 13973
7.82902 13981
7.83218 13989
7.83533 13997
7.83848 14005
7.84163 14013
7.84478 14021
7.99293 14029
7.99608 14037
7.99923 14045
8.00238 14053
8.00554 14061
8.00869 14069
8.01184 14077
8.01499 14085
8.01814 14093
8.0213 14101
8.02445 14109
8.0276 14117
8.03075 14125
8.0339 14133
8.03706 14141
8.04021 14149
8.04336 14157
8.04651 14165
8.04966 14173
8.05282 14181
8.20411 14189
8.20726 14197
8.21042 14205
8.21357 14213
8.21672 14221
8.21987 14229
8.22302 14237
8.22618 14245
8.22933 14253
8.23248 14261
8.23563 14269
8.23878 14277
8.24194 14285
8.24509 14293
8.24824 14301
8.25139 14309
8.25454 14317
8.2577 14325
8.26085 14333
8.264 14341
8.41687 14349
8.42002 14357
8.42318 14365
8.42633 14373
8.42948 14381
8.43263 14389
8.43578 14397
8.43894 14405
8.44209 14413
8.44524 14421
8.44839 14429
8.45154 14437
8.4547 14445
8.45785 14453
8.461 14460
8.46415 14467
8.4673 14474
8.47046 14481
8.47361 14488
8.47676 14495
8.47991 14502
8.63278 14509
8.63594 14516
8.63909 14523
8.64224 14530
8.64539 14537
8.64854 14544
8.6517 14551
8.65485 14558
8.658 14565
8.66115 14572
8.6643 14579
8.66746 14586
8.67061 14593
8.67376 14600
8.67691 14607
8.68006 14614
8.68322 14621
8.68637 14628
8.68952 14635
8.69267 14642
8.69582 14649
8.8487 14656
8.85185 14663
8.855 14670
8.85815 14677
8.8613 14684
8.86446 14691
8.86761 14698
8.87076 14705
8.87391 14712
8.87706 14719
8.88022 14726
8.88337 14733
8.88652 14740
8.88967 14747
8.89282 14754
8.89598 14761
8.89913 14768
8.90228 14775
8.90543 14782
8.90858 14789
8.91174 14796
9.06776 14803
9.07091 14810
9.07406 14817
9.07722 14824
9.08037 14831
9.08352 14838
9.08667 14845
9.08982 14852
9.09298 14859
9.09613 14866
9.09928 14873
9.10243 14880
9.10558 14887
9.10874 14894
9.11189 14901
9.11504 14908
9.11819 14915
9.12134 14922
9.1245 14929
9.12765 14936
9.1308 14943
9.28998 14950
9.29313 14957
9.29628 14964
9.29943 14971
9.30258 14978
9.30574 14985
9.30889 14992
9.31204 14999
9.31519 15006
9.31834 15013
9.3215 15020
9.32465 15027
9.3278 15034
9.33095 15041
9.3341 15048
9.33726 15055
9.34041 15062
9.34356 15069
9.34671 15076
9.34986 15083
9.35302 15090
9.51219 15097
9.51534 15104
9.5185 15111
9.52165 15118
9.5248 15125
9.52795 15132
9.5311 15139
9.53426 15146
9.53741 15153
9.54056 15160
9.54371 15167
9.54686 15174
9.55002 15181
9.55317 15188
9.55632 15195
9.55947 15202
9.56262 15209
9.56578 15216
9.56893 15223
9.57208 15230
9.57523 15237
9.57838 15244
9.73598 15251
9.73914 15258
9.74229 15265
9.74544 15272
9.74859 15279
9.75174 15286
9.7549 15293
9.75805 15300
9.7612 15307
9.76435 15314
9.7675 15321
9.77066 15328
9.77381 15335
9.77696 15342
9.78011 15349
9.78326 15356
9.78642 15363
9.78957 15370
9.79272 15377
9.79587 15384
9.79902 15391
9.80218 15398
9.96293 15405
9.96608 15412
9.96923 15419
9.97238 15426
9.97554 15433
9.97869 15440
9.98184 15447
9.98499 15454
9.98814 15461
9.9913 15468
9.99445 15475
9.9976 15482
10.0008 15489
10.0039 15496
10.0071 15503
10.0102 15510
10.0134 15517
10.0165 15524
10.0197 15531
10.0228 15538
10.026 15545
10.0291 15552
10.193 15559
10.1962 15566
10.1993 15573
10.2025 15580
10.2056 15587
10.2088 15594
10.2119 15601
10.2151 15608
10.2182 15615
10.2214 15622
10.2245 15629
10.2277 15636
10.2308 15643
10.234 15650
10.2372 15657
10.2403 15664
10.2435 15671
10.2466 15678
10.2498 15685
10.2529 15692
10.2561 15699
10.2592 15706
10.4263 15713
10.4294 15720
10.4326 15727
10.4357 15734
10.4389 15741
10.442 15748
10.4452 15755
10.4483 15762
10.4515 15769
10.4546 15776
10.4578 15783
10.4609 15790
10.4641 15797
10.4672 15804
10.4704 15811
10.4736 15818
10.4767 15825
10.4799 15832
10.483 15839
10.4862 15846
10.4893 15853
10.4925 15860
10.4956 15867
10.6595 15874
10.6627 15881
10.6658 15888
10.669 15895
10.6721 15902
10.6753 15909
10.6784 15916
10.6816 15923
10.6847 15930
10.6879 15937
10.691 15944
10.6942 15951
10.6973 15958
10.7005 15965
10.7036 15972
10.7068 15979
10.71 15986
10.7131 15993
10.7163 16000
10.7194 16007
10.7226 16014
10.7257 16021
10.7289 16028
10.8943 16035
10.8975 16042
10.9006 16049
10.9038 16056
10.907 16063
10.9101 16070
10.9133 16077
10.9164 16084
10.9196 16091
10.9227 16098
10.9259 16105
10.929 16112
10.9322 16119
10.9353 16126
10.9385 16133
10.9416 16140
10.9448 16147
10.9479 16154
10.9511 16161
10.9542 16168
10.9574 16175
10.9605 16182
10.9637 16189
11.1323 16196
11.1355 16203
11.1386 16210
11.1418 16217
11.1449 16224
11.1481 16231
11.1512 16238
11.1544 16245
11.1575 16252
11.1607 16259
11.1638 16266
11.167 16273
11.1701 16280
11.1733 16287
11.1764 16294
11.1796 16301
11.1828 16308
11.1859 16315
11.1891 16322
11.1922 16329
11.1954 16336
11.1985 16343
11.2017 16350
11.3734 16357
11.3766 16364
11.3798 16371
11.3829 16378
11.3861 16385
11.3892 16392
11.3924 16399
11.3955 16406
11.3987 16413
11.4018 16420
11.405 16427
11.4081 16434
11.4113 16441
11.4144 16448
11.4176 16455
11.4207 16462
11.4239 16469
11.427 16476
11.4302 16483
11.4333 16490
11.4365 16497
11.4396 16504
11.4428 16511
11.4459 16518
11.6177 16524
11.6209 16530
11.624 16536
11.6272 16542
11.6303 16548
11.6335 16554
11.6366 16560
11.6398 16566
11.6429 16572
11.6461 16578
11.6492 16584
11.6524 16590
11.6556 16596
11.6587 16602
11.6619 16608
11.665 16614
11.6682 16620
11.6713 16626
11.6745 16632
11.6776 16638
11.6808 16644
11.6839 16650
11.6871 16656
11.6902 16662
11.862 16668
11.8652 16674
11.8683 16680
11.8715 16686
11.8746 16692
11.8778 16698
11.8809 16704
11.8841 16710
11.8872 16716
11.8904 16722
11.8935 16728
11.8967 16734
11.8998 16740
11.903 16746
11.9061 16752
11.9093 16758
11.9124 16764
11.9156 16770
11.9187 16776
11.9219 16782
11.925 16788
11.9282 16794
11.9314 16800
11.9345 16806
12.1094 16812
12.1126 16818
12.1157 16824
12.1189 16830
12.122 16836
12.1252 16842
12.1284 16848
12.1315 16854
12.1347 16860
12.1378 16866
12.141 16872
12.1441 16878
12.1473 16884
12.1504 16890
12.1536 16896
12.1567 16902
12.1599 16908
12.163 16914
12.1662 16920
12.1693 16926
12.1725 16932
12.1756 16938
12.1788 16944
12.1819 16950
12.3584 16956
12.3616 16962
12.3648 16968
12.3679 16974
12.3711 16980
12.3742 16986
12.3774 16992
12.3805 16998
12.3837 17004
12.3868 17010
12.39 17016
12.3931 17022
12.3963 17028
12.3994 17034
12.4026 17040
12.4057 17046
12.4089 17052
12.412 17058
12.4152 17064
12.4183 17070
12.4215 17076
12.4246 17082
12.4278 17088
12.4309 17094
12.6106 17100
12.6138 17106
12.6169 17112
12.6201 17118
12.6232 17124
12.6264 17130
12.6295 17136
12.6327 17142
12.6358 17148
12.639 17154
12.6421 17160
12.6453 17166
12.6484 17172
12.6516 17178
12.6547 17184
12.6579 17190
12.661 17196
12.6642 17202
12.6673 17208
12.6705 17214
12.6736 17220
12.6768 17226
12.68 17232
12.6831 17238
12.6863 17244
12.8628 17250
12.8659 17256
12.8691 17262
12.8722 17268
12.8754 17274
12.8785 17280
12.8817 17286
12.8848 17292
12.888 17298
12.8911 17304
12.8943 17310
12.8974 17316
12.9006 17322
12.9037 17328
12.9069 17334
12.91 17340
12.9132 17346
12.9164 17352
12.9195 17358
12.9227 17364
12.9258 17370
12.929 17376
12.9321 17382
12.9353 17388
12.9384 17394
13.1165 17400
13.1197 17406
13.1228 17412
13.126 17418
13.1291 17424
13.1323 17430
13.1354 17436
13.1386 17442
13.1417 17448
13.1449 17454
13.148 17460
13.1512 17466
13.1543 17472
13.1575 17478
13.1606 17484
13.1638 17490
13.1669 17496
13.1701 17502
13.1732 17508
13.1764 17514
13.1795 17520
13.1827 17526
13.1858 17532
13.189 17538
13.1922 17544
13.3734 17550
13.3765 17556
13.3797 17562
13.3828 17568
13.386 17574
13.3892 17580
13.3923 17586
13.3955 17592
13.3986 17598
13.4018 17604
13.4049 17610
13.4081 17616
13.4112 17622
13.4144 17628
13.4175 17634
13.4207 17640
13.4238 17646
13.427 17652
13.4301 17658
13.4333 17664
13.4364 17670
13.4396 17676
13.4427 17682
13.4459 17688
13.449 17694
13.6334 17700
13.6366 17706
13.6397 17712
13.6429 17718
13.646 17724
13.6492 17730
13.6523 17736
13.6555 17742
13.6586 17748
13.6618 17754
13.665 17760
13.6681 17766
13.6713 17772
13.6744 17778
13.6776 17784
13.6807 17790
13.6839 17796
13.687 17802
13.6902 17808
13.6933 17814
13.6965 17820
13.6996 17826
13.7028 17832
13.7059 17838
13.7091 17844
13.7122 17850
13.8966 17856
13.8998 17862
13.9029 17868
13.9061 17874
13.9092 17880
13.9124 17886
13.9155 17892
13.9187 17898
13.9218 17904
13.925 17910
13.9281 17916
13.9313 17922
13.9344 17928
13.9376 17934
13.9408 17940
13.9439 17946
13.9471 17952
13.9502 17958
13.9534 17964
13.9565 17970
13.9597 17976
13.9628 17982
13.966 17988
13.9691 17994
13.9723 18000
13.9754 18006
14.1598 18012
14.163 18018
14.1661 18024
14.1693 18030
14.1724 18036
14.1756 18042
14.1787 18048
14.1819 18054
14.185 18060
14.1882 18066
14.1913 18072
14.1945 18078
14.1976 18084
14.2008 18090
14.2039 18096
14.2071 18102
14.2102 18108
14.2134 18114
14.2166 18120
14.2197 18126
14.2229 18132
14.226 18138
14.2292 18144
14.2323 18150
14.2355 18156
14.2386 18162
14.4246 18168
14.4277 18174
14.4309 18180
14.434 18186
14.4372 18192
14.4403 18198
14.4435 18204
14.4466 18210
14.4498 18216
14.453 18222
14.4561 18228
14.4593 18234
14.4624 18240
14.4656 18246
14.4687 18252
14.4719 18258
14.475 18264
14.4782 18270
14.4813 18276
14.4845 18282
14.4876 18288
14.4908 18294
14.4939 18300
14.4971 18306
14.5002 18312
14.5034 18318
14.6925 18324
14.6957 18330
14.6988 18336
14.702 18342
14.7051 18348
14.7083 18354
14.7114 18360
14.7146 18366
14.7177 18372
14.7209 18378
14.724 18384
14.7272 18390
14.7303 18396
14.7335 18402
14.7366 18408
14.7398 18414
14.7429 18420
14.7461 18426
14.7492 18432
14.7524 18438
14.7555 18444
14.7587 18450
14.7618 18456
14.765 18462
14.7682 18468
14.7713 18474
14.9604 18480
14.9636 18486
14.9667 18492
14.9699 18498
14.973 18504
14.9762 18510
14.9793 18516
14.9825 18522
14.9856 18528
14.9888 18534
14.9919 18540
14.9951 18546
14.9982 18552
15.0014 18558
15.0046 18564
15.0077 18570
15.0109 18576
15.014 18582
15.0172 18588
15.0203 18594
15.0235 18600
15.0266 18606
15.0298 18612
15.0329 18618
15.0361 18624
15.0392 18630
15.0424 18636
15.2331 18642
15.2362 18648
15.2394 18654
15.2425 18660
15.2457 18666
15.2488 18672
15.252 18678
15.2551 18684
15.2583 18690
15.2614 18696
15.2646 18702
15.2677 18708
15.2709 18714
15.274 18720
15.2772 18726
15.2804 18732
15.2835 18738
15.2867 18744
15.2898 18750
15.293 18756
15.2961 18762
15.2993 18768
15.3024 18774
15.3056 18780
15.3087 18786
15.3119 18792
15.315 18798
15.5057 18804
15.5089 18810
15.512 18816
15.5152 18822
15.5183 18828
15.5215 18834
15.5246 18840
15.5278 18846
15.5309 18852
15.5341 18858
15.5372 18864
15.5404 18870
15.5435 18876
15.5467 18882
15.5498 18888
15.553 18894
15.5562 18900
15.5593 18906
15.5625 18912
15.5656 18918
15.5688 18924
15.5719 18930
15.5751 18936
15.5782 18942
15.5814 18948
15.5845 18954
15.5877 18960
15.7815 18966
15.7847 18972
15.7878 18978
15.791 18984
15.7941 18990
15.7973 18996
15.8004 19002
15.8036 19008
15.8067 19014
15.8099 19020
15.813 19026
15.8162 19032
15.8193 19038
15.8225 19044
15.8256 19050
15.8288 19056
15.832 19062
15.8351 19068
15.8383 19074
15.8414 19080
15.8446 19086
15.8477 19092
15.8509 19098
15.854 19104
15.8572 19110
15.8603 19116
15.8635 19122
16.0605 19128
16.0636 19134
16.0668 19140
16.0699 19146
16.0731 19152
16.0762 19158
16.0794 19164
16.0825 19170
16.0857 19176
16.0888 19182
16.092 19188
16.0951 19194
16.0983 19200
16.1014 19206
16.1046 19212
16.1078 19218
16.1109 19224
16.1141 19230
16.1172 19236
16.1204 19242
16.1235 19248
16.1267 19254
16.1298 19260
16.133 19266
16.1361 19272
16.1393 19277
16.1424 19282
16.1456 19287
16.341 19292
16.3442 19297
16.3473 19302
16.3505 19307
16.3536 19312
16.3568 19317
16.3599 19322
16.3631 19327
16.3662 19332
16.3694 19337
16.3725 19342
16.3757 19347
16.3788 19352
16.382 19357
16.3851 19362
16.3883 19367
16.3914 19372
16.3946 19377
16.3977 19382
16.4009 19387
16.404 19392
16.4072 19397
16.4103 19402
16.4135 19407
16.4166 19412
16.4198 19417
16.423 19422
16.4261 19427
16.6247 19432
16.6278 19437
16.631 19442
16.6341 19447
16.6373 19452
16.6404 19457
16.6436 19462
16.6467 19467
16.6499 19472
16.653 19477
16.6562 19482
16.6594 19487
16.6625 19492
16.6657 19497
16.6688 19502
16.672 19507
16.6751 19512
16.6783 19517
16.6814 19522
16.6846 19527
16.6877 19532
16.6909 19537
16.694 19542
16.6972 19547
16.7003 19552
16.7035 19557
16.7066 19562
16.7098 19567
16.9084 19572
16.9115 19577
16.9147 19582
16.9178 19587
16.921 19592
16.9241 19597
16.9273 19602
16.9304 19607
16.9336 19612
16.9367 19617
16.9399 19622
16.943 19627
16.9462 19632
16.9493 19637
16.9525 19642
16.9556 19647
16.9588 19652
16.9619 19657
16.9651 19662
16.9682 19667
16.9714 19672
16.9746 19677
16.9777 19682
16.9809 19687
16.984 19692
16.9872 19697
16.9903 19702
16.9935 19707
17.195 19712
17.1968 19717
17.1999 19722
17.2031 19727
17.2062 19732
17.2094 19737
17.2125 19742
17.2157 19747
17.2188 19752
17.222 19757
17.2251 19762
17.2283 19767
17.2314 19772
17.2346 19777
17.2377 19782
17.2409 19787
17.244 19792
17.2472 19797
17.2504 19802
17.2535 19807
17.2567 19812
17.2598 19817
17.263 19822
17.2661 19827
17.2693 19832
17.2724 19837
17.2756 19842
17.2787 19847
17.2819 19852
17.4836 19857
17.4868 19862
17.4899 19867
17.4931 19872
17.4962 19877
17.4994 19882
17.5025 19887
17.5057 19892
17.5088 19897
17.512 19902
17.5151 19907
17.5183 19912
17.5214 19917
17.5246 19922
17.5277 19927
17.5309 19932
17.534 19937
17.5372 19942
17.5403 19947
17.5435 19952
17.5466 19957
17.5498 19962
17.5529 19967
17.5561 19972
17.5592 19977
17.5624 19982
17.5656 19987
17.5687 19992
17.5719 19997
17.7752 20002
17.7783 20007
17.7815 20012
17.7846 20017
17.7878 20022
17.7909 20027
17.7941 20032
17.7972 20037
17.8004 20042
17.8035 20047
17.8067 20052
17.8098 20057
17.813 20062
17.8161 20067
17.8193 20072
17.8224 20077
17.8256 20082
17.8287 20087
17.8319 20092
17.835 20097
17.8382 20102
17.8414 20107
17.8445 20112
17.8477 20117
17.8508 20122
17.854 20127
17.8571 20132
17.8603 20137
17.8634 20142
18.0667 20147
18.0699 20152
18.073 20157
18.0762 20162
18.0793 20167
18.0825 20172
18.0856 20177
18.0888 20182
18.0919 20187
18.0951 20192
18.0982 20197
18.1014 20202
18.1045 20207
18.1077 20212
18.1108 20217
18.114 20222
18.1172 20227
18.1203 20232
18.1235 20237
18.1266 20242
18.1298 20247
18.1329 20252
18.1361 20257
18.1392 20262
18.1424 20267
18.1455 20272
18.1487 20277
18.1518 20282
18.155 20287
18.3566 20292
18.363 20297
18.3662 20302
18.3693 20307
18.3725 20312
18.3756 20317
18.3788 20322
18.3819 20327
18.3851 20332
18.3882 20337
18.3914 20342
18.3945 20347
18.3977 20352
18.4008 20357
18.404 20362
18.4071 20367
18.4103 20372
18.4134 20377
18.4166 20382
18.4197 20387
18.4229 20392
18.426 20397
18.4292 20402
18.4324 20407
18.4355 20412
18.4387 20417
18.4418 20422
18.445 20427
18.4481 20432
18.4513 20437
18.6609 20442
18.664 20447
18.6672 20452
18.6703 20457
18.6735 20462
18.6766 20467
18.6798 20472
18.6829 20477
18.6861 20482
18.6892 20487
18.6924 20492
18.6955 20497
18.6987 20502
18.7018 20507
18.705 20512
18.7082 20517
18.7113 20522
18.7145 20527
18.7176 20532
18.7208 20537
18.7239 20542
18.7271 20547
18.7302 20552
18.7334 20557
18.7365 20562
18.7397 20567
18.7428 20572
18.746 20577
18.7491 20582
18.7523 20587
18.9603 20592
18.9635 20597
18.9666 20602
18.9698 20607
18.9729 20612
18.9761 20617
18.9792 20622
18.9824 20627
18.9855 20632
18.9887 20637
18.9918 20642
18.995 20647
18.9981 20652
19.0013 20657
19.0044 20662
19.0076 20667
19.0107 20672
19.0139 20677
19.017 20682
19.0202 20687
19.0234 20692
19.0265 20697
19.0297 20702
19.0328 20707
19.036 20712
19.0391 20717
19.0423 20722
19.0454 20727
19.0486 20732
19.0517 20737
19.2629 20742
19.2661 20747
19.2692 20752
19.2724 20757
19.2755 20762
19.2787 20767
19.2818 20772
19.285 20777
19.2881 20782
19.2913 20787
19.2944 20792
19.2976 20797
19.3007 20802
19.3039 20807
19.307 20812
19.3102 20817
19.3133 20822
19.3165 20827
19.3196 20832
19.3228 20837
19.3259 20842
19.3291 20847
19.3322 20852
19.3354 20857
19.3386 20862
19.3417 20867
19.3449 20872
19.348 20877
19.3512 20882
19.3543 20887
19.5655 20892
19.5686 20897
19.5718 20902
19.575 20907
19.5781 20912
19.5813 20917
19.5844 20922
19.5876 20927
19.5907 20932
19.5939 20937
19.597 20942
19.6002 20947
19.6033 20952
19.6065 20957
19.6096 20962
19.6128 20967
19.6159 20972
19.6191 20977
19.6222 20982
19.6254 20987
19.6285 20992
19.6317 20997
19.6348 21002
19.638 21007
19.6411 21012
19.6443 21017
19.6474 21022
19.6506 21027
19.6538 21032
19.6569 21037
19.8585 21042
19.8728 21047
19.876 21052
19.8791 21057
19.8823 21062
19.8854 21067
19.8886 21072
19.8917 21077
19.8949 21082
19.898 21087
19.9012 21092
19.9043 21097
19.9075 21102
19.9106 21107
19.9138 21112
19.9169 21117
19.9201 21122
19.9232 21127
19.9264 21132
19.9296 21137
19.9327 21142
19.9359 21147
19.939 21152
19.9422 21157
19.9453 21162
19.9485 21167
19.9516 21172
19.9548 21177
19.9579 21182
19.9611 21187
19.9642 21192
20.1786 21197
20.1817 21202
20.1849 21207
20.188 21212
20.1912 21217
20.1943 21222
20.1975 21227
20.2006 21232
20.2038 21237
20.2069 21242
20.2101 21247
20.2132 21252
20.2164 21257
20.2195 21262
20.2227 21267
20.2258 21272
20.229 21277
20.2321 21282
20.2353 21287
20.2384 21292
20.2416 21297
20.2448 21302
20.2479 21307
20.2511 21312
20.2542 21317
20.2574 21322
20.2605 21327
20.2637 21332
20.2668 21337
20.27 21342
20.2731 21347
20.4906 21352
20.4938 21357
20.4969 21362
20.5001 21367
20.5032 21372
20.5064 21377
20.5095 21382
20.5127 21387
20.5158 21392
20.519 21397
20.5221 21402
20.5253 21407
20.5284 21412
20.5316 21417
20.5347 21422
20.5379 21427
20.541 21432
20.5442 21437
20.5473 21442
20.5505 21447
20.5536 21452
20.5568 21457
20.56 21462
20.5631 21467
20.5663 21472
20.5694 21477
20.5726 21482
20.5757 21487
20.5789 21492
20.582 21497
20.5852 21502
20.8027 21507
20.8058 21512
20.809 21517
20.8121 21522
20.8153 21527
20.8184 21532
20.8216 21537
20.8247 21542
20.8279 21547
20.831 21552
20.8342 21557
20.8373 21562
20.8405 21567
20.8436 21572
20.8468 21577
20.8499 21582
20.8531 21587
20.8562 21592
20.8594 21597
20.8625 21602
20.8657 21607
20.8688 21612
20.872 21617
20.8752 21622
20.8783 21627
20.8815 21632
20.8846 21637
20.8878 21642
20.8909 21647
20.8941 21652
20.8972 21657
21.0988 21662
21.1194 21667
21.1226 21672
21.1257 21677
21.1289 21682
21.132 21687
21.1352 21692
21.1383 21697
21.1415 21702
21.1446 21707
21.1478 21712
21.151 21717
21.1541 21722
21.1573 21727
21.1604 21732
21.1636 21737
21.1667 21742
21.1699 21747
21.173 21752
21.1762 21757
21.1793 21762
21.1825 21767
21.1856 21772
21.1888 21777
21.1919 21782
21.1951 21787
21.1982 21792
21.2014 21797
21.2045 21802
21.2077 21807
21.2108 21812
21.214 21817
21.4346 21822
21.4378 21827
21.4409 21832
21.4441 21837
21.4472 21842
21.4504 21847
21.4535 21852
21.4567 21857
21.4598 21862
21.463 21867
21.4662 21872
21.4693 21877
21.4725 21882
21.4756 21887
21.4788 21892
21.4819 21897
21.4851 21902
21.4882 21907
21.4914 21912
21.4945 21917
21.4977 21922
21.5008 21927
21.504 21932
21.5071 21937
21.5103 21942
21.5134 21947
21.5166 21952
21.5197 21957
21.5229 21962
21.526 21967
21.5292 21972
21.5323 21977
21.7546 21982
21.7577 21987
21.7609 21992
21.764 21997
21.7672 22002
21.7703 22007
21.7735 22012
21.7766 22017
21.7798 22022
21.7829 22027
21.7861 22032
21.7892 22037
21.7924 22042
21.7955 22047
21.7987 22052
21.8018 22057
21.805 22062
21.8081 22067
21.8113 22072
21.8144 22077
21.8176 22082
21.8208 22087
21.8239 22092
21.8271 22097
21.8302 22102
21.8334 22107
21.8365 22112
21.8397 22117
21.8428 22122
21.846 22127
21.8491 22132
21.8523 22137
22.0745 22142
22.0776 22147
22.0808 22152
22.0839 22157
22.0871 22162
22.0902 22167
22.0934 22172
22.0966 22177
22.0997 22182
22.1029 22187
22.106 22192
22.1092 22197
22.1123 22202
22.1155 22207
22.1186 22212
22.1218 22217
22.1249 22222
22.1281 22227
22.1312 22232
22.1344 22237
22.1375 22242
22.1407 22247
22.1438 22252
22.147 22257
22.1501 22262
22.1533 22267
22.1564 22272
22.1596 22277
22.1627 22282
22.1659 22287
22.169 22292
22.1722 22297
22.3738 22302
22.3991 22307
22.4023 22312
22.4054 22317
22.4086 22322
22.4118 22327
22.4149 22332
22.4181 22337
22.4212 22342
22.4244 22347
22.4275 22352
22.4307 22357
22.4338 22362
22.437 22367
22.4401 22372
22.4433 22377
22.4464 22382
22.4496 22387
22.4527 22392
22.4559 22397
22.459 22402
22.4622 22407
22.4653 22412
22.4685 22417
22.4716 22422
22.4748 22427
22.4779 22432
22.4811 22437
22.4842 22442
22.4874 22447
22.4906 22452
22.4937 22457
22.4969 22462
22.7254 22467
22.7285 22472
22.7317 22477
22.7348 22482
22.738 22487
22.7411 22492
22.7443 22497
22.7474 22502
22.7506 22507
22.7537 22512
22.7569 22517
22.76 22522
22.7632 22527
22.7664 22532
22.7695 22537
22.7727 22542
22.7758 22547
22.779 22552
22.7821 22557
22.7853 22562
22.7884 22567
22.7916 22572
22.7947 22577
22.7979 22582
22.801 22587
22.8042 22592
22.8073 22597
22.8105 22602
22.8136 22607
22.8168 22612
22.8199 22617
22.8231 22622
22.8262 22627
23.0548 22632
23.0579 22637
23.0611 22642
23.0642 22647
23.0674 22652
23.0705 22657
23.0737 22662
23.0768 22667
23.08 22672
23.0831 22677
23.0863 22682
23.0894 22687
23.0926 22692
23.0957 22697
23.0989 22702
23.102 22707
23.1052 22712
23.1083 22717
23.1115 22722
23.1146 22727
23.1178 22732
23.121 22737
23.1241 22742
23.1273 22747
23.1304 22752
23.1336 22757
23.1367 22762
23.1399 22767
23.143 22772
23.1462 22777
23.1493 22782
23.1525 22787
23.1556 22792
23.3826 22797
23.3857 22802
23.3889 22807
23.392 22812
23.3952 22817
23.3983 22822
23.4015 22827
23.4046 22832
23.4078 22837
23.4109 22842
23.4141 22847
23.4172 22852
23.4204 22857
23.4235 22862
23.4267 22867
23.4298 22872
23.433 22877
23.4362 22882
23.4393 22887
23.4425 22892
23.4456 22897
23.4488 22902
23.4519 22907
23.4551 22912
23.4582 22917
23.4614 22922
23.4645 22927
23.4677 22932
23.4708 22937
23.474 22942
23.4771 22947
23.4803 22952
23.4834 22957
23.685 22962
23.7135 22967
23.7167 22972
23.7198 22977
23.723 22982
23.7261 22987
23.7293 22992
23.7324 22997
23.7356 23002
23.7387 23007
23.7419 23012
23.745 23017
23.7482 23022
23.7514 23027
23.7545 23032
23.7577 23037
23.7608 23042
23.764 23047
23.7671 23052
23.7703 23057
23.7734 23062
23.7766 23067
23.7797 23072
23.7829 23077
23.786 23082
23.7892 23087
23.7923 23092
23.7955 23097
23.7986 23102
23.8018 23107
23.8049 23112
23.8081 23117
23.8112 23122
23.8144 23126
24.0461 23130
24.0492 23134
24.0524 23138
24.0555 23142
24.0587 23146
24.0618 23150
24.065 23154
24.0681 23158
24.0713 23162
24.0744 23166
24.0776 23170
24.0807 23174
24.0839 23178
24.087 23182
24.0902 23186
24.0933 23190
24.0965 23194
24.0996 23198
24.1028 23202
24.106 23206
24.1091 23210
24.1123 23214
24.1154 23218
24.1186 23222
24.1217 23226
24.1249 23230
24.128 23234
24.1312 23238
24.1343 23242
24.1375 23246
24.1406 23250
24.1438 23254
24.1469 23258
24.1501 23262
24.3833 23266
24.3865 23270
24.3896 23274
24.3928 23278
24.3959 23282
24.3991 23286
24.4022 23290
24.4054 23294
24.4085 23298
24.4117 23302
24.4148 23306
24.418 23310
24.4212 23314
24.4243 23318
24.4275 23322
24.4306 23326
24.4338 23330
24.4369 23334
24.4401 23338
24.4432 23342
24.4464 23346
24.4495 23350
24.4527 23354
24.4558 23358
24.459 23362
24.4621 23366
24.4653 23370
24.4684 23374
24.4716 23378
24.4747 23382
24.4779 23386
24.481 23390
24.4842 23394
24.4873 23398
24.6512 23402
24.6544 23406
24.6576 23410
24.6607 23414
24.6639 23418
24.667 23422
24.6702 23426
24.6733 23430
24.6765 23434
24.6796 23438
24.6828 23442
24.6859 23446
24.6891 23450
24.6922 23454
24.6954 23458
24.6985 23462
24.7017 23466
24.7048 23470
24.708 23474
24.7111 23478
24.7143 23482
24.7174 23486
24.7206 23490
24.7237 23494
24.7269 23498
24.73 23502
24.7332 23506
24.7364 23510
24.7395 23514
24.7427 23518
24.7458 23522
24.749 23526
24.7521 23530
24.7553 23534
24.9207 23538
24.9239 23542
24.927 23546
24.9302 23550
24.9334 23554
24.9365 23558
24.9397 23562
24.9428 23566
24.946 23570
24.9491 23574
24.9523 23578
24.9554 23582
24.9586 23586
24.9617 23590
24.9649 23594
24.968 23598
24.9712 23602
24.9743 23606
24.9775 23610
24.9806 23614
24.9838 23618
24.9869 23622
24.9901 23626
24.9932 23630
24.9964 23634
24.9995 23638
25.0027 23642
25.0058 23646
25.009 23650
25.0122 23654
25.0153 23658
25.0185 23662
25.0216 23666
25.0248 23670
25.1918 23674
25.195 23678
25.1981 23682
25.2013 23686
25.2044 23690
25.2076 23694
25.2107 23698
25.2139 23702
25.217 23706
25.2202 23710
25.2233 23714
25.2265 23718
25.2296 23722
25.2328 23726
25.2359 23730
25.2391 23734
25.2422 23738
25.2454 23742
25.2486 23746
25.2517 23750
25.2549 23754
25.258 23758
25.2612 23762
25.2643 23766
25.2675 23770
25.2706 23774
25.2738 23778
25.2769 23782
25.2801 23786
25.2832 23790
25.2864 23794
25.2895 23798
25.2927 23802
25.2958 23806
25.466 23810
25.4692 23814
25.4723 23818
25.4755 23822
25.4786 23826
25.4818 23830
25.485 23834
25.4881 23838
25.4913 23842
25.4944 23846
25.4976 23850
25.5007 23854
25.5039 23858
25.507 23862
25.5102 23866
25.5133 23870
25.5165 23874
25.5196 23878
25.5228 23882
25.5259 23886
25.5291 23890
25.5322 23894
25.5354 23898
25.5385 23902
25.5417 23906
25.5448 23910
25.548 23914
25.5511 23918
25.5543 23922
25.5574 23926
25.5606 23930
25.5638 23934
25.5669 23938
25.5701 23942
25.5732 23946
25.7403 23950
25.7434 23954
25.7466 23958
25.7497 23962
25.7529 23966
25.756 23970
25.7592 23974
25.7623 23978
25.7655 23982
25.7686 23986
25.7718 23990
25.7749 23994
25.7781 23998
25.7812 24002
25.7844 24006
25.7875 24010
25.7907 24014
25.7938 24018
25.797 24022
25.8002 24026
25.8033 24030
25.8065 24034
25.8096 24038
25.8128 24042
25.8159 24046
25.8191 24050
25.8222 24054
25.8254 24058
25.8285 24062
25.8317 24066
25.8348 24070
25.838 24074
25.8411 24078
25.8443 24082
25.8474 24086
26.0161 24090
26.0192 24094
26.0224 24098
26.0255 24102
26.0287 24106
26.0318 24110
26.035 24114
26.0381 24118
26.0413 24122
26.0444 24126
26.0476 24130
26.0507 24134
26.0539 24138
26.057 24142
26.0602 24146
26.0633 24150
26.0665 24154
26.0696 24158
26.0728 24162
26.076 24166
26.0791 24170
26.0823 24174
26.0854 24178
26.0886 24182
26.0917 24186
26.0949 24190
26.098 24194
26.1012 24198
26.1043 24202
26.1075 24206
26.1106 24210
26.1138 24214
26.1169 24218
26.1201 24222
26.1232 24226
26.295 24230
26.2982 24234
26.3013 24238
26.3045 24242
26.3076 24246
26.3108 24250
26.3139 24254
26.3171 24258
26.3202 24262
26.3234 24266
26.3265 24270
26.3297 24274
26.3328 24278
26.336 24282
26.3391 24286
26.3423 24290
26.3454 24294
26.3486 24298
26.3518 24302
26.3549 24306
26.3581 24310
26.3612 24314
26.3644 24318
26.3675 24322
26.3707 24326
26.3738 24330
26.377 24334
26.3801 24338
26.3833 24342
26.3864 24346
26.3896 24350
26.3927 24354
26.3959 24358
26.399 24362
26.4022 24366
26.5755 24370
26.5787 24374
26.5818 24378
26.585 24382
26.5882 24386
26.5913 24390
26.5945 24394
26.5976 24398
26.6008 24402
26.6039 24406
26.6071 24410
26.6102 24414
26.6134 24418
26.6165 24422
26.6197 24426
26.6228 24430
26.626 24434
26.6291 24438
26.6323 24442
26.6354 24446
26.6386 24450
26.6417 24454
26.6449 24458
26.648 24462
26.6512 24466
26.6543 24470
26.6575 24474
26.6606 24478
26.6638 24482
26.667 24486
26.6701 24490
26.6733 24494
26.6764 24498
26.6796 24502
26.6827 24506
26.8592 24510
26.8624 24514
26.8655 24518
26.8687 24522
26.8718 24526
26.875 24530
26.8781 24534
26.8813 24538
26.8844 24542
26.8876 24546
26.8907 24550
26.8939 24554
26.897 24558
26.9002 24562
26.9034 24566
26.9065 24570
26.9097 24574
26.9128 24578
26.916 24582
26.9191 24586
26.9223 24590
26.9254 24594
26.9286 24598
26.9317 24602
26.9349 24606
26.938 24610
26.9412 24614
26.9443 24618
26.9475 24622
26.9506 24626
26.9538 24630
26.9569 24634
26.9601 24638
26.9632 24642
26.9664 24646
26.9695 24650
27.1429 24654
27.1461 24658
27.1492 24662
27.1524 24666
27.1555 24670
27.1587 24674
27.1618 24678
27.165 24682
27.1681 24686
27.1713 24690
27.1744 24694
27.1776 24698
27.1807 24702
27.1839 24706
27.187 24710
27.1902 24714
27.1933 24718
27.1965 24722
27.1996 24726
27.2028 24730
27.2059 24734
27.2091 24738
27.2122 24742
27.2154 24746
27.2186 24750
27.2217 24754
27.2249 24758
27.228 24762
27.2312 24766
27.2343 24770
27.2375 24774
27.2406 24778
27.2438 24782
27.2469 24786
27.2501 24790
27.2532 24794
27.4297 24798
27.4329 24802
27.436 24806
27.4392 24810
27.4423 24814
27.4455 24818
27.4486 24822
27.4518 24826
27.455 24830
27.4581 24834
27.4613 24838
27.4644 24842
27.4676 24846
27.4707 24850
27.4739 24854
27.477 24858
27.4802 24862
27.4833 24866
27.4865 24870
27.4896 24874
27.4928 24878
27.4959 24882
27.4991 24886
27.5022 24890
27.5054 24894
27.5085 24898
27.5117 24902
27.5148 24906
27.518 24910
27.5211 24914
27.5243 24918
27.5274 24922
27.5306 24926
27.5338 24930
27.5369 24934
27.5401 24938
27.7197 24942
27.7229 24946
27.726 24950
27.7292 24954
27.7323 24958
27.7355 24962
27.7386 24966
27.7418 24970
27.7449 24974
27.7481 24978
27.7512 24982
27.7544 24986
27.7575 24990
27.7607 24994
27.7638 24998
27.767 25002
27.7702 25006
27.7733 25010
27.7765 25014
27.7796 25018
27.7828 25022
27.7859 25026
27.7891 25030
27.7922 25034
27.7954 25038
27.7985 25042
27.8017 25046
27.8048 25050
27.808 25054
27.8111 25058
27.8143 25062
27.8174 25066
27.8206 25070
27.8237 25074
27.8269 25078
27.83 25082
28.0129 25086
28.016 25090
28.0192 25094
28.0223 25098
28.0255 25102
28.0286 25106
28.0318 25110
28.0349 25114
28.0381 25118
28.0412 25122
28.0444 25126
28.0475 25130
28.0507 25134
28.0538 25138
28.057 25142
28.0601 25146
28.0633 25150
28.0664 25154
28.0696 25158
28.0727 25162
28.0759 25166
28.079 25170
28.0822 25174
28.0854 25178
28.0885 25182
28.0917 25186
28.0948 25190
28.098 25194
28.1011 25198
28.1043 25202
28.1074 25206
28.1106 25210
28.1137 25214
28.1169 25218
28.12 25222
28.1232 25226
28.3028 25230
28.306 25234
28.3091 25238
28.3123 25242
28.3154 25246
28.3186 25250
28.3218 25254
28.3249 25258
28.3281 25262
28.3312 25266
28.3344 25270
28.3375 25274
28.3407 25278
28.3438 25282
28.347 25286
28.3501 25290
28.3533 25294
28.3564 25298
28.3596 25302
28.3627 25306
28.3659 25310
28.369 25314
28.3722 25318
28.3753 25322
28.3785 25326
28.3816 25330
28.3848 25334
28.3879 25338
28.3911 25342
28.3942 25346
28.3974 25350
28.4006 25354
28.4037 25358
28.4069 25362
28.41 25366
28.4132 25370
28.4163 25374
28.5991 25378
28.6023 25382
28.6054 25386
28.6086 25390
28.6117 25394
28.6149 25398
28.618 25402
28.6212 25406
28.6243 25410
28.6275 25414
28.6306 25418
28.6338 25422
28.637 25426
28.6401 25430
28.6433 25434
28.6464 25438
28.6496 25442
28.6527 25446
28.6559 25450
28.659 25454
28.6622 25458
28.6653 25462
28.6685 25466
28.6716 25470
28.6748 25474
28.6779 25478
28.6811 25482
28.6842 25486
28.6874 25490
28.6905 25494
28.6937 25498
28.6968 25502
28.7 25506
28.7031 25510
28.7063 25514
28.7094 25518
28.7126 25522
28.8986 25526
28.9017 25530
28.9049 25534
28.908 25538
28.9112 25542
28.9143 25546
28.9175 25550
28.9206 25554
28.9238 25558
28.9269 25562
28.9301 25566
28.9332 25570
28.9364 25574
28.9395 25578
28.9427 25582
28.9458 25586
28.949 25590
28.9522 25594
28.9553 25598
28.9585 25602
28.9616 25606
28.9648 25610
28.9679 25614
28.9711 25618
28.9742 25622
28.9774 25626
28.9805 25630
28.9837 25634
28.9868 25638
28.99 25642
28.9931 25646
28.9963 25650
28.9994 25654
29.0026 25658
29.0057 25662
29.0089 25666
29.012 25670
29.2012 25674
29.2043 25678
29.2075 25682
29.2106 25686
29.2138 25690
29.2169 25694
29.2201 25698
29.2232 25702
29.2264 25706
29.2295 25710
29.2327 25714
29.2358 25718
29.239 25722
29.2421 25726
29.2453 25730
29.2484 25734
29.2516 25738
29.2547 25742
29.2579 25746
29.261 25750
29.2642 25754
29.2674 25758
29.2705 25762
29.2737 25766
29.2768 25770
29.28 25774
29.2831 25778
29.2863 25782
29.2894 25786
29.2926 25790
29.2957 25794
29.2989 25798
29.302 25802
29.3052 25806
29.3083 25810
29.3115 25814
29.3146 25818
29.5006 25822
29.5038 25826
29.5069 25830
29.5101 25834
29.5132 25838
29.5164 25842
29.5195 25846
29.5227 25850
29.5258 25854
29.529 25858
29.5321 25862
29.5353 25866
29.5384 25870
29.5416 25874
29.5447 25878
29.5479 25882
29.551 25886
29.5542 25890
29.5573 25894
29.5605 25898
29.5636 25902
29.5668 25906
29.5699 25910
29.5731 25914
29.5762 25918
29.5794 25922
29.5826 25926
29.5857 25930
29.5889 25934
29.592 25938
29.5952 25942
29.5983 25946
29.6015 25950
29.6046 25954
29.6078 25958
29.6109 25962
29.6141 25966
29.8 25970
29.8032 25974
29.8063 25978
29.8095 25982
29.8126 25986
29.8158 25990
29.819 25994
29.8221 25998
29.8253 26002
29.8284 26006
29.8316 26010
29.8347 26014
29.8379 26018
29.841 26022
29.8442 26026
29.8473 26030
29.8505 26034
29.8536 26038
29.8568 26042
29.8599 26046
29.8631 26050
29.8662 26054
29.8694 26058
29.8725 26062
29.8757 26066
29.8788 26070
29.882 26074
29.8851 26078
29.8883 26082
29.8914 26086
29.8946 26090
29.8978 26094
29.9009 26098
29.9041 26102
29.9072 26106
29.9104 26110
29.9135 26114
29.9167 26118
30.1058 26122
30.1089 26126
30.1121 26130
30.1152 26134
30.1184 26138
30.1215 26142
30.1247 26146
30.1278 26150
30.131 26154
30.1342 26158
30.1373 26162
30.1405 26166
30.1436 26170
30.1468 26174
30.1499 26178
30.1531 26182
30.1562 26186
30.1594 26190
30.1625 26194
30.1657 26198
30.1688 26202
30.172 26206
30.1751 26210
30.1783 26214
30.1814 26218
30.1846 26222
30.1877 26226
30.1909 26230
30.194 26234
30.1972 26238
30.2003 26242
30.2035 26246
30.2066 26250
30.2098 26254
30.213 26258
30.2161 26262
30.2193 26266
30.2224 26270
30.4147 26274
30.4178 26278
30.421 26282
30.4241 26286
30.4273 26290
30.4304 26294
30.4336 26298
30.4367 26302
30.4399 26306
30.443 26310
30.4462 26314
30.4494 26318
30.4525 26322
30.4557 26326
30.4588 26330
30.462 26334
30.4651 26338
30.4683 26342
30.4714 26346
30.4746 26350
30.4777 26354
30.4809 26358
30.484 26362
30.4872 26366
30.4903 26370
30.4935 26374
30.4966 26378
30.4998 26382
30.5029 26386
30.5061 26390
30.5092 26394
30.5124 26398
30.5155 26402
30.5187 26406
30.5218 26410
30.525 26414
30.5282 26418
30.5313 26422
30.7267 26426
30.7299 26430
30.733 26434
30.7362 26438
30.7393 26442
30.7425 26446
30.7456 26450
30.7488 26454
30.7519 26458
30.7551 26462
30.7582 26466
30.7614 26470
30.7646 26474
30.7677 26478
30.7709 26482
30.774 26486
30.7772 26490
30.7803 26494
30.7835 26498
30.7866 26502
30.7898 26506
30.7929 26510
30.7961 26514
30.7992 26518
30.8024 26522
30.8055 26526
30.8087 26530
30.8118 26534
30.815 26538
30.8181 26542
30.8213 26546
30.8244 26550
30.8276 26554
30.8307 26558
30.8339 26562
30.837 26566
30.8402 26570
30.8434 26574
31.0356 26578
31.0388 26582
31.0419 26586
31.0451 26590
31.0482 26594
31.0514 26598
31.0545 26602
31.0577 26606
31.0608 26610
31.064 26614
31.0671 26618
31.0703 26622
31.0734 26626
31.0766 26630
31.0798 26634
31.0829 26638
31.0861 26642
31.0892 26646
31.0924 26650
31.0955 26654
31.0987 26658
31.1018 26662
31.105 26666
31.1081 26670
31.1113 26674
31.1144 26678
31.1176 26682
31.1207 26686
31.1239 26690
31.127 26694
31.1302 26698
31.1333 26702
31.1365 26706
31.1396 26710
31.1428 26714
31.1459 26718
31.1491 26722
31.1522 26726
31.1554 26730
31.3492 26734
31.3524 26738
31.3556 26742
31.3587 26746
31.3619 26750
31.365 26754
31.3682 26758
31.3713 26762
31.3745 26766
31.3776 26770
31.3808 26774
31.3839 26778
31.3871 26782
31.3902 26786
31.3934 26790
31.3965 26794
31.3997 26798
31.4028 26802
31.406 26806
31.4091 26810
31.4123 26814
31.4154 26818
31.4186 26822
31.4217 26826
31.4249 26830
31.428 26834
31.4312 26838
31.4344 26842
31.4375 26846
31.4407 26850
31.4438 26854
31.447 26858
31.4501 26862
31.4533 26866
31.4564 26870
31.4596 26874
31.4627 26878
31.4659 26882
31.469 26886
31.666 26890
31.6692 26894
31.6723 26898
31.6755 26902
31.6786 26906
31.6818 26910
31.6849 26914
31.6881 26918
31.6912 26922
31.6944 26926
31.6975 26930
31.7007 26934
31.7038 26938
31.707 26942
31.7102 26946
31.7133 26950
31.7165 26954
31.7196 26958
31.7228 26962
31.7259 26966
31.7291 26970
31.7322 26974
31.7354 26978
31.7385 26982
31.7417 26986
31.7448 26990
31.748 26994
31.7511 26998
31.7543 27002
31.7574 27006
31.7606 27010
31.7637 27014
31.7669 27018
31.77 27022
31.7732 27026
31.7763 27030
31.7795 27034
31.7826 27038
31.7858 27042
31.986 27046
31.9891 27050
31.9923 27054
31.9954 27058
31.9986 27062
32.0017 27066
32.0049 27070
32.008 27074
32.0112 27078
32.0143 27082
32.0175 27086
32.0206 27090
32.0238 27094
32.0269 27098
32.0301 27102
32.0332 27106
32.0364 27110
32.0395 27114
32.0427 27118
32.0458 27122
32.049 27126
32.0521 27130
32.0553 27134
32.0584 27138
32.0616 27142
32.0648 27146
32.0679 27150
32.0711 27154
32.0742 27158
32.0774 27162
32.0805 27166
32.0837 27170
32.0868 27174
32.09 27178
32.0931 27182
32.0963 27186
32.0994 27190
32.1026 27194
32.1057 27198
32.3059 27202
32.309 27206
32.3122 27210
32.3153 27214
32.3185 27218
32.3216 27222
32.3248 27226
32.3279 27230
32.3311 27234
32.3342 27238
32.3374 27242
32.3406 27246
32.3437 27250
32.3469 27254
32.35 27258
32.3532 27262
32.3563 27266
32.3595 27270
32.3626 27274
32.3658 27278
32.3689 27282
32.3721 27286
32.3752 27290
32.3784 27294
32.3815 27298
32.3847 27302
32.3878 27306
32.391 27310
32.3941 27314
32.3973 27318
32.4004 27322
32.4036 27326
32.4067 27330
32.4099 27334
32.413 27338
32.4162 27342
32.4194 27346
32.4225 27350
32.4257 27354
32.6258 27358
32.629 27362
32.6321 27366
32.6353 27370
32.6384 27374
32.6416 27378
32.6447 27382
32.6479 27386
32.651 27390
32.6542 27394
32.6573 27398
32.6605 27402
32.6636 27406
32.6668 27410
32.6699 27414
32.6731 27418
32.6762 27422
32.6794 27426
32.6825 27430
32.6857 27434
32.6888 27438
32.692 27442
32.6952 27446
32.6983 27450
32.7015 27454
32.7046 27458
32.7078 27462
32.7109 27466
32.7141 27470
32.7172 27474
32.7204 27478
32.7235 27482
32.7267 27486
32.7298 27490
32.733 27494
32.7361 27498
32.7393 27502
32.7424 27506
32.7456 27510
32.7487 27514
32.9505 27518
32.9536 27522
32.9568 27526
32.9599 27530
32.9631 27534
32.9662 27538
32.9694 27542
32.9725 27546
32.9757 27550
32.9788 27554
32.982 27558
32.9851 27562
32.9883 27566
32.9914 27570
32.9946 27574
32.9977 27578
33.0009 27582
33.004 27586
33.0072 27590
33.0104 27594
33.0135 27598
33.0167 27602
33.0198 27606
33.023 27610
33.0261 27614
33.0293 27618
33.0324 27622
33.0356 27626
33.0387 27630
33.0419 27634
33.045 27638
33.0482 27642
33.0513 27646
33.0545 27650
33.0576 27654
33.0608 27658
33.0639 27662
33.0671 27666
33.0702 27670
33.0734 27674
33.2767 27678
33.2798 27682
33.283 27686
33.2862 27690
33.2893 27694
33.2925 27698
33.2956 27702
33.2988 27706
33.3019 27710
33.3051 27714
33.3082 27718
33.3114 27722
33.3145 27726
33.3177 27730
33.3208 27734
33.324 27738
33.3271 27742
33.3303 27746
33.3334 27750
33.3366 27754
33.3397 27758
33.3429 27762
33.346 27766
33.3492 27770
33.3523 27774
33.3555 27778
33.3586 27782
33.3618 27786
33.365 27790
33.3681 27794
33.3713 27798
33.3744 27802
33.3776 27806
33.3807 27810
33.3839 27814
33.387 27818
33.3902 27822
33.3933 27826
33.3965 27830
33.3996 27834
33.6012 27838
33.6077 27842
33.6108 27846
33.614 27850
33.6171 27854
33.6203 27858
33.6234 27862
33.6266 27866
33.6297 27870
33.6329 27874
33.636 27878
33.6392 27882
33.6423 27886
33.6455 27890
33.6486 27894
33.6518 27898
33.6549 27902
33.6581 27906
33.6612 27910
33.6644 27914
33.6675 27918
33.6707 27922
33.6738 27926
33.677 27930
33.6802 27934
33.6833 27938
33.6865 27942
33.6896 27946
33.6928 27950
33.6959 27954
33.6991 27958
33.7022 27962
33.7054 27966
33.7085 27970
33.7117 27974
33.7148 27978
33.718 27982
33.7211 27986
33.7243 27990
33.7274 27994
33.7306 27998
33.937 28002
33.9402 28006
33.9433 28010
33.9465 28014
33.9496 28018
33.9528 28022
33.956 28026
33.9591 28030
33.9623 28034
33.9654 28038
33.9686 28042
33.9717 28046
33.9749 28050
33.978 28054
33.9812 28058
33.9843 28062
33.9875 28066
33.9906 28070
33.9938 28074
33.9969 28078
34.0001 28082
34.0032 28086
34.0064 28090
34.0095 28094
34.0127 28098
34.0158 28102
34.019 28106
34.0221 28110
34.0253 28114
34.0284 28118
34.0316 28122
34.0348 28126
34.0379 28130
34.0411 28134
34.0442 28138
34.0474 28142
34.0505 28146
34.0537 28150
34.0568 28154
34.06 28158
34.0631 28162
34.2696 28166
34.2727 28170
34.2759 28174
34.279 28178
34.2822 28182
34.2853 28186
34.2885 28190
34.2916 28194
34.2948 28198
34.2979 28202
34.3011 28206
34.3042 28210
34.3074 28214
34.3106 28218
34.3137 28222
34.3169 28226
34.32 28230
34.3232 28234
34.3263 28238
34.3295 28242
34.3326 28246
34.3358 28250
34.3389 28254
34.3421 28258
34.3452 28262
34.3484 28266
34.3515 28270
34.3547 28274
34.3578 28278
34.361 28282
34.3641 28286
34.3673 28290
34.3704 28294
34.3736 28298
34.3767 28302
34.3799 28306
34.383 28310
34.3862 28314
34.3894 28318
34.3925 28322
34.3957 28326
34.6053 28330
34.6084 28334
34.6116 28338
34.6147 28342
34.6179 28346
34.621 28350
34.6242 28354
34.6273 28358
34.6305 28362
34.6336 28366
34.6368 28370
34.6399 28374
34.6431 28378
34.6462 28382
34.6494 28386
34.6525 28390
34.6557 28394
34.6588 28398
34.662 28402
34.6652 28406
34.6683 28410
34.6715 28414
34.6746 28418
34.6778 28422
34.6809 28426
34.6841 28430
34.6872 28434
34.6904 28438
34.6935 28442
34.6967 28446
34.6998 28450
34.703 28454
34.7061 28458
34.7093 28462
34.7124 28466
34.7156 28470
34.7187 28474
34.7219 28478
34.725 28482
34.7282 28486
34.7313 28490
34.9329 28494
34.9425 28498
34.9457 28502
34.9488 28506
34.952 28510
34.9551 28514
34.9583 28518
34.9614 28522
34.9646 28526
34.9677 28530
34.9709 28534
34.974 28538
34.9772 28542
34.9804 28546
34.9835 28550
34.9867 28554
34.9898 28558
34.993 28562
34.9961 28566
34.9993 28570
35.0024 28574
35.0056 28578
35.0087 28582
35.0119 28586
35.015 28590
35.0182 28594
35.0213 28598
35.0245 28602
35.0276 28606
35.0308 28610
35.0339 28614
35.0371 28618
35.0402 28622
35.0434 28626
35.0465 28630
35.0497 28634
35.0528 28638
35.056 28642
35.0592 28646
35.0623 28650
35.0655 28654
35.0686 28658
35.1726 28662
35.1758 28666
35.1789 28670
35.1821 28674
35.1852 28678
35.1884 28682
35.1915 28686
35.1947 28690
35.1978 28694
35.201 28698
35.2041 28702
35.2073 28706
35.2104 28710
35.2136 28714
35.2168 28718
35.2199 28722
35.2231 28726
35.2262 28730
35.2294 28734
35.2325 28738
35.2357 28742
35.2388 28746
35.242 28750
35.2451 28754
35.2483 28758
35.2514 28762
35.2546 28766
35.2577 28770
35.2609 28774
35.264 28778
35.2672 28782
35.2703 28786
35.2735 28790
35.2766 28794
35.2798 28798
35.2829 28802
35.2861 28806
35.2892 28810
35.2924 28814
35.2956 28818
35.2987 28822
35.3019 28826
35.4043 28830
35.4074 28834
35.4106 28838
35.4138 28842
35.4169 28846
35.4201 28850
35.4232 28854
35.4264 28858
35.4295 28862
35.4327 28866
35.4358 28870
35.439 28874
35.4421 28878
35.4453 28882
35.4484 28886
35.4516 28890
35.4547 28894
35.4579 28898
35.461 28902
35.4642 28905
35.4673 28908
35.4705 28911
35.4736 28914
35.4768 28917
35.4799 28920
35.4831 28923
35.4862 28926
35.4894 28929
35.4926 28932
35.4957 28935
35.4989 28938
35.502 28941
35.5052 28944
35.5083 28947
35.5115 28950
35.5146 28953
35.5178 28956
35.5209 28959
35.5241 28962
35.5272 28965
35.5304 28968
35.5335 28971
35.636 28974
35.6391 28977
35.6423 28980
35.6454 28983
35.6486 28986
35.6517 28989
35.6549 28992
35.658 28995
35.6612 28998
35.6643 29001
35.6675 29004
35.6706 29007
35.6738 29010
35.6769 29013
35.6801 29016
35.6832 29019
35.6864 29022
35.6896 29025
35.6927 29028
35.6959 29031
35.699 29034
35.7022 29037
35.7053 29040
35.7085 29043
35.7116 29046
35.7148 29049
35.7179 29052
35.7211 29055
35.7242 29058
35.7274 29061
35.7305 29064
35.7337 29067
35.7368 29070
35.74 29073
35.7431 29076
35.7463 29079
35.7494 29082
35.7526 29085
35.7557 29088
35.7589 29091
35.762 29094
35.7652 29097
35.8708 29100
35.8739 29103
35.8771 29106
35.8802 29109
35.8834 29112
35.8866 29115
35.8897 29118
35.8929 29121
35.896 29124
35.8992 29127
35.9023 29130
35.9055 29133
35.9086 29136
35.9118 29139
35.9149 29142
35.9181 29145
35.9212 29148
35.9244 29151
35.9275 29154
35.9307 29157
35.9338 29160
35.937 29163
35.9401 29166
35.9433 29169
35.9464 29172
35.9496 29175
35.9527 29178
35.9559 29181
35.959 29184
35.9622 29187
35.9654 29190
35.9685 29193
35.9717 29196
35.9748 29199
35.978 29202
35.9811 29205
35.9843 29208
35.9874 29211
35.9906 29214
35.9937 29217
35.9969 29220
36 29223
36.1072 29226
36.1103 29229
36.1135 29232
36.1166 29235
36.1198 29238
36.123 29241
36.1261 29244
36.1293 29247
36.1324 29250
36.1356 29253
36.1387 29256
36.1419 29259
36.145 29262
36.1482 29265
36.1513 29268
36.1545 29271
36.1576 29274
36.1608 29277
36.1639 29280
36.1671 29283
36.1702 29286
36.1734 29289
36.1765 29292
36.1797 29295
36.1828 29298
36.186 29301
36.1891 29304
36.1923 29307
36.1954 29310
36.1986 29313
36.2018 29316
36.2049 29319
36.2081 29322
36.2112 29325
36.2144 29328
36.2175 29331
36.2207 29334
36.2238 29337
36.227 29340
36.2301 29343
36.2333 29346
36.2364 29349
36.3467 29352
36.3499 29355
36.353 29358
36.3562 29361
36.3594 29364
36.3625 29367
36.3657 29370
36.3688 29373
36.372 29376
36.3751 29379
36.3783 29382
36.3814 29385
36.3846 29388
36.3877 29391
36.3909 29394
36.394 29397
36.3972 29400
36.4003 29403
36.4035 29406
36.4066 29409
36.4098 29412
36.4129 29415
36.4161 29418
36.4192 29421
36.4224 29424
36.4255 29427
36.4287 29430
36.4318 29433
36.435 29436
36.4382 29439
36.4413 29442
36.4445 29445
36.4476 29448
36.4508 29451
36.4539 29454
36.4571 29457
36.4602 29460
36.4634 29463
36.4665 29466
36.4697 29469
36.4728 29472
36.476 29475
36.4791 29478
36.5863 29481
36.5894 29484
36.5926 29487
36.5958 29490
36.5989 29493
36.6021 29496
36.6052 29499
36.6084 29502
36.6115 29505
36.6147 29508
36.6178 29511
36.621 29514
36.6241 29517
36.6273 29520
36.6304 29523
36.6336 29526
36.6367 29529
36.6399 29532
36.643 29535
36.6462 29538
36.6493 29541
36.6525 29544
36.6556 29547
36.6588 29550
36.6619 29553
36.6651 29556
36.6682 29559
36.6714 29562
36.6746 29565
36.6777 29568
36.6809 29571
36.684 29574
36.6872 29577
36.6903 29580
36.6935 29583
36.6966 29586
36.6998 29589
36.7029 29592
36.7061 29595
36.7092 29598
36.7124 29601
36.7155 29604
36.7187 29607
36.829 29610
36.8322 29613
36.8353 29616
36.8385 29619
36.8416 29622
36.8448 29625
36.8479 29628
36.8511 29631
36.8542 29634
36.8574 29637
36.8605 29640
36.8637 29643
36.8668 29646
36.87 29649
36.8731 29652
36.8763 29655
36.8794 29658
36.8826 29661
36.8857 29664
36.8889 29667
36.892 29670
36.8952 29673
36.8983 29676
36.9015 29679
36.9046 29682
36.9078 29685
36.911 29688
36.9141 29691
36.9173 29694
36.9204 29697
36.9236 29700
36.9267 29703
36.9299 29706
36.933 29709
36.9362 29712
36.9393 29715
36.9425 29718
36.9456 29721
36.9488 29724
36.9519 29727
36.9551 29730
36.9582 29733
36.9614 29736
37.0749 29739
37.078 29742
37.0812 29745
37.0843 29748
37.0875 29751
37.0906 29754
37.0938 29757
37.0969 29760
37.1001 29763
37.1032 29766
37.1064 29769
37.1095 29772
37.1127 29775
37.1158 29778
37.119 29781
37.1221 29784
37.1253 29787
37.1284 29790
37.1316 29793
37.1347 29796
37.1379 29799
37.141 29802
37.1442 29805
37.1474 29808
37.1505 29811
37.1537 29814
37.1568 29817
37.16 29820
37.1631 29823
37.1663 29826
37.1694 29829
37.1726 29832
37.1757 29835
37.1789 29838
37.182 29841
37.1852 29844
37.1883 29847
37.1915 29850
37.1946 29853
37.1978 29856
37.2009 29859
37.2041 29862
37.2072 29865
37.3239 29868
37.327 29871
37.3302 29874
37.3333 29877
37.3365 29880
37.3396 29883
37.3428 29886
37.3459 29889
37.3491 29892
37.3522 29895
37.3554 29898
37.3585 29901
37.3617 29904
37.3648 29907
37.368 29910
37.3711 29913
37.3743 29916
37.3774 29919
37.3806 29922
37.3838 29925
37.3869 29928
37.3901 29931
37.3932 29934
37.3964 29937
37.3995 29940
37.4027 29943
37.4058 29946
37.409 29949
37.4121 29952
37.4153 29955
37.4184 29958
37.4216 29961
37.4247 29964
37.4279 29967
37.431 29970
37.4342 29973
37.4373 29976
37.4405 29979
37.4436 29982
37.4468 29985
37.4499 29988
37.4531 29991
37.4562 29994
37.5697 29997
37.5729 30000
37.576 30003
37.5792 30006
37.5823 30009
37.5855 30012
37.5886 30015
37.5918 30018
37.5949 30021
37.5981 30024
37.6012 30027
37.6044 30030
37.6075 30033
37.6107 30036
37.6138 30039
37.617 30042
37.6202 30045
37.6233 30048
37.6265 30051
37.6296 30054
37.6328 30057
37.6359 30060
37.6391 30063
37.6422 30066
37.6454 30069
37.6485 30072
37.6517 30075
37.6548 30078
37.658 30081
37.6611 30084
37.6643 30087
37.6674 30090
37.6706 30093
37.6737 30096
37.6769 30099
37.68 30102
37.6832 30105
37.6863 30108
37.6895 30111
37.6926 30114
37.6958 30117
37.699 30120
37.7021 30123
37.7053 30126
37.8219 30129
37.825 30132
37.8282 30135
37.8313 30138
37.8345 30141
37.8376 30144
37.8408 30147
37.8439 30150
37.8471 30153
37.8502 30156
37.8534 30159
37.8566 30162
37.8597 30165
37.8629 30168
37.866 30171
37.8692 30174
37.8723 30177
37.8755 30180
37.8786 30183
37.8818 30186
37.8849 30189
37.8881 30192
37.8912 30195
37.8944 30198
37.8975 30201
37.9007 30204
37.9038 30207
37.907 30210
37.9101 30213
37.9133 30216
37.9164 30219
37.9196 30222
37.9227 30225
37.9259 30228
37.929 30231
37.9322 30234
37.9354 30237
37.9385 30240
37.9417 30243
37.9448 30246
37.948 30249
37.9511 30252
37.9543 30255
37.9574 30258
38.0772 30261
38.0803 30264
38.0835 30267
38.0866 30270
38.0898 30273
38.093 30276
38.0961 30279
38.0993 30282
38.1024 30285
38.1056 30288
38.1087 30291
38.1119 30294
38.115 30297
38.1182 30300
38.1213 30303
38.1245 30306
38.1276 30309
38.1308 30312
38.1339 30315
38.1371 30318
38.1402 30321
38.1434 30324
38.1465 30327
38.1497 30330
38.1528 30333
38.156 30336
38.1591 30339
38.1623 30342
38.1654 30345
38.1686 30348
38.1718 30351
38.1749 30354
38.1781 30357
38.1812 30360
38.1844 30363
38.1875 30366
38.1907 30369
38.1938 30372
38.197 30375
38.2001 30378
38.2033 30381
38.2064 30384
38.2096 30387
38.2127 30390
38.3341 30393
38.3372 30396
38.3404 30399
38.3435 30402
38.3467 30405
38.3498 30408
38.353 30411
38.3561 30414
38.3593 30417
38.3624 30420
38.3656 30423
38.3688 30426
38.3719 30429
38.3751 30432
38.3782 30435
38.3814 30438
38.3845 30441
38.3877 30444
38.3908 30447
38.394 30450
38.3971 30453
38.4003 30456
38.4034 30459
38.4066 30462
38.4097 30465
38.4129 30468
38.416 30471
38.4192 30474
38.4223 30477
38.4255 30480
38.4286 30483
38.4318 30486
38.4349 30489
38.4381 30492
38.4412 30495
38.4444 30498
38.4476 30501
38.4507 30504
38.4539 30507
38.457 30510
38.4602 30513
38.4633 30516
38.4665 30519
38.4696 30522
38.591 30525
38.5941 30528
38.5973 30531
38.6004 30534
38.6036 30537
38.6067 30540
38.6099 30543
38.613 30546
38.6162 30549
38.6193 30552
38.6225 30555
38.6256 30558
38.6288 30561
38.6319 30564
38.6351 30567
38.6382 30570
38.6414 30573
38.6446 30576
38.6477 30579
38.6509 30582
38.654 30585
38.6572 30588
38.6603 30591
38.6635 30594
38.6666 30597
38.6698 30600
38.6729 30603
38.6761 30606
38.6792 30609
38.6824 30612
38.6855 30615
38.6887 30618
38.6918 30621
38.695 30624
38.6981 30627
38.7013 30630
38.7044 30633
38.7076 30636
38.7107 30639
38.7139 30642
38.717 30645
38.7202 30648
38.7234 30651
38.7265 30654
38.8479 30657
38.851 30660
38.8542 30663
38.8573 30666
38.8605 30669
38.8636 30672
38.8668 30675
38.8699 30678
38.8731 30681
38.8762 30684
38.8794 30687
38.8825 30690
38.8857 30693
38.8888 30696
38.892 30699
38.8951 30702
38.8983 30705
38.9014 30708
38.9046 30711
38.9077 30714
38.9109 30717
38.914 30720
38.9172 30723
38.9204 30726
38.9235 30729
38.9267 30732
38.9298 30735
38.933 30738
38.9361 30741
38.9393 30744
38.9424 30747
38.9456 30750
38.9487 30753
38.9519 30756
38.955 30759
38.9582 30762
38.9613 30765
38.9645 30768
38.9676 30771
38.9708 30774
38.9739 30777
38.9771 30780
38.9802 30783
38.9834 30786
38.9865 30789
39.111 30792
39.1142 30795
39.1174 30798
39.1205 30801
39.1237 30804
39.1268 30807
39.13 30810
39.1331 30813
39.1363 30816
39.1394 30819
39.1426 30822
39.1457 30825
39.1489 30828
39.152 30831
39.1552 30834
39.1583 30837
39.1615 30840
39.1646 30843
39.1678 30846
39.1709 30849
39.1741 30852
39.1772 30855
39.1804 30858
39.1835 30861
39.1867 30864
39.1898 30867
39.193 30870
39.1962 30873
39.1993 30876
39.2025 30879
39.2056 30882
39.2088 30885
39.2119 30888
39.2151 30891
39.2182 30894
39.2214 30897
39.2245 30900
39.2277 30903
39.2308 30906
39.234 30909
39.2371 30912
39.2403 30915
39.2434 30918
39.2466 30921
39.2497 30924
39.3758 30927
39.379 30930
39.3821 30933
39.3853 30936
39.3884 30939
39.3916 30942
39.3947 30945
39.3979 30948
39.401 30951
39.4042 30954
39.4073 30957
39.4105 30960
39.4136 30963
39.4168 30966
39.4199 30969
39.4231 30972
39.4262 30975
39.4294 30978
39.4326 30981
39.4357 30984
39.4389 30987
39.442 30990
39.4452 30993
39.4483 30996
39.4515 30999
39.4546 31002
39.4578 31005
39.4609 31008
39.4641 31011
39.4672 31014
39.4704 31017
39.4735 31020
39.4767 31023
39.4798 31026
39.483 31029
39.4861 31032
39.4893 31035
39.4924 31038
39.4956 31041
39.4987 31044
39.5019 31047
39.505 31050
39.5082 31053
39.5114 31056
39.5145 31059
39.6437 31062
39.6469 31065
39.65 31068
39.6532 31071
39.6563 31074
39.6595 31077
39.6626 31080
39.6658 31083
39.669 31086
39.6721 31089
39.6753 31092
39.6784 31095
39.6816 31098
39.6847 31101
39.6879 31104
39.691 31107
39.6942 31110
39.6973 31113
39.7005 31116
39.7036 31119
39.7068 31122
39.7099 31125
39.7131 31128
39.7162 31131
39.7194 31134
39.7225 31137
39.7257 31140
39.7288 31143
39.732 31146
39.7351 31149
39.7383 31152
39.7414 31155
39.7446 31158
39.7478 31161
39.7509 31164
39.7541 31167
39.7572 31170
39.7604 31173
39.7635 31176
39.7667 31179
39.7698 31182
39.773 31185
39.7761 31188
39.7793 31191
39.7824 31194
39.9085 31197
39.9117 31200
39.9148 31203
39.918 31206
39.9211 31209
39.9243 31212
39.9274 31215
39.9306 31218
39.9337 31221
39.9369 31224
39.94 31227
39.9432 31230
39.9463 31233
39.9495 31236
39.9526 31239
39.9558 31242
39.9589 31245
39.9621 31248
39.9652 31251
39.9684 31254
39.9715 31257
39.9747 31260
39.9778 31263
39.981 31266
39.9842 31269
39.9873 31272
39.9905 31275
39.9936 31278
39.9968 31281
39.9999 31284
40.0031 31287
40.0062 31290
40.0094 31293
40.0125 31296
40.0157 31299
40.0188 31302
40.022 31305
40.0251 31308
40.0283 31311
40.0314 31314
40.0346 31317
40.0377 31320
40.0409 31323
40.044 31326
40.0472 31329
40.1764 31332
40.1796 31335
40.1827 31338
40.1859 31341
40.189 31344
40.1922 31347
40.1953 31350
40.1985 31353
40.2016 31356
40.2048 31359
40.2079 31362
40.2111 31365
40.2142 31368
40.2174 31371
40.2206 31374
40.2237 31377
40.2269 31380
40.23 31383
40.2332 31386
40.2363 31389
40.2395 31392
40.2426 31395
40.2458 31398
40.2489 31401
40.2521 31404
40.2552 31407
40.2584 31410
40.2615 31413
40.2647 31416
40.2678 31419
40.271 31422
40.2741 31425
40.2773 31428
40.2804 31431
40.2836 31434
40.2867 31437
40.2899 31440
40.293 31443
40.2962 31446
40.2994 31449
40.3025 31452
40.3057 31455
40.3088 31458
40.312 31461
40.3151 31464
40.3183 31467
40.4506 31470
40.4538 31473
40.457 31476
40.4601 31479
40.4633 31482
40.4664 31485
40.4696 31488
40.4727 31491
40.4759 31494
40.479 31497
40.4822 31500
40.4853 31503
40.4885 31506
40.4916 31509
40.4948 31512
40.4979 31515
40.5011 31518
40.5042 31521
40.5074 31524
40.5105 31527
40.5137 31530
40.5168 31533
40.52 31536
40.5231 31539
40.5263 31542
40.5294 31545
40.5326 31548
40.5358 31551
40.5389 31554
40.5421 31557
40.5452 31560
40.5484 31563
40.5515 31566
40.5547 31569
40.5578 31572
40.561 31575
40.5641 31578
40.5673 31581
40.5704 31584
40.5736 31587
40.5767 31590
40.5799 31593
40.583 31596
40.5862 31599
40.5893 31602
40.5925 31605
40.7264 31608
40.7296 31611
40.7328 31614
40.7359 31617
40.7391 31620
40.7422 31623
40.7454 31626
40.7485 31629
40.7517 31632
40.7548 31635
40.758 31638
40.7611 31641
40.7643 31644
40.7674 31647
40.7706 31650
40.7737 31653
40.7769 31656
40.78 31659
40.7832 31662
40.7863 31665
40.7895 31668
40.7926 31671
40.7958 31674
40.7989 31677
40.8021 31680
40.8052 31683
40.8084 31686
40.8116 31689
40.8147 31692
40.8179 31695
40.821 31698
40.8242 31701
40.8273 31704
40.8305 31707
40.8336 31710
40.8368 31713
40.8399 31716
40.8431 31719
40.8462 31722
40.8494 31725
40.8525 31728
40.8557 31731
40.8588 31734
40.862 31737
40.8651 31740
40.8683 31743
41.0022 31746
41.0054 31749
41.0086 31752
41.0117 31755
41.0149 31758
41.018 31761
41.0212 31764
41.0243 31767
41.0275 31770
41.0306 31773
41.0338 31776
41.0369 31779
41.0401 31782
41.0432 31785
41.0464 31788
41.0495 31791
41.0527 31794
41.0558 31797
41.059 31800
41.0621 31803
41.0653 31806
41.0684 31809
41.0716 31812
41.0747 31815
41.0779 31818
41.081 31821
41.0842 31824
41.0874 31827
41.0905 31830
41.0937 31833
41.0968 31836
41.1 31839
41.1031 31842
41.1063 31845
41.1094 31848
41.1126 31851
41.1157 31854
41.1189 31857
41.122 31860
41.1252 31863
41.1283 31866
41.1315 31869
41.1346 31872
41.1378 31875
41.1409 31878
41.1441 31881
41.278 31884
41.2812 31887
41.2844 31890
41.2875 31893
41.2907 31896
41.2938 31899
41.297 31902
41.3001 31905
41.3033 31908
41.3064 31911
41.3096 31914
41.3127 31917
41.3159 31920
41.319 31923
41.3222 31926
41.3253 31929
41.3285 31932
41.3316 31935
41.3348 31938
41.3379 31941
41.3411 31944
41.3442 31947
41.3474 31950
41.3505 31953
41.3537 31956
41.3568 31959
41.36 31962
41.3632 31965
41.3663 31968
41.3695 31971
41.3726 31974
41.3758 31977
41.3789 31980
41.3821 31983
41.3852 31986
41.3884 31989
41.3915 31992
41.3947 31995
41.3978 31998
41.401 32001
41.4041 32004
41.4073 32007
41.4104 32010
41.4136 32013
41.4167 32016
41.4199 32019
41.557 32022
41.5602 32025
41.5633 32028
41.5665 32031
41.5696 32034
41.5728 32037
41.5759 32040
41.5791 32043
41.5822 32046
41.5854 32049
41.5885 32052
41.5917 32055
41.5948 32058
41.598 32061
41.6011 32064
41.6043 32067
41.6074 32070
41.6106 32073
41.6137 32076
41.6169 32079
41.62 32082
41.6232 32085
41.6263 32088
41.6295 32091
41.6326 32094
41.6358 32097
41.639 32100
41.6421 32103
41.6453 32106
41.6484 32109
41.6516 32112
41.6547 32115
41.6579 32118
41.661 32121
41.6642 32124
41.6673 32127
41.6705 32130
41.6736 32133
41.6768 32136
41.6799 32139
41.6831 32142
41.6862 32145
41.6894 32148
41.6925 32151
41.6957 32154
41.6988 32157
41.702 32160
41.8423 32163
41.8454 32166
41.8486 32169
41.8517 32172
41.8549 32175
41.858 32178
41.8612 32181
41.8643 32184
41.8675 32187
41.8706 32190
41.8738 32193
41.8769 32196
41.8801 32199
41.8832 32202
41.8864 32205
41.8895 32208
41.8927 32211
41.8958 32214
41.899 32217
41.9021 32220
41.9053 32223
41.9084 32226
41.9116 32229
41.9148 32232
41.9179 32235
41.9211 32238
41.9242 32241
41.9274 32244
41.9305 32247
41.9337 32250
41.9368 32253
41.94 32256
41.9431 32259
41.9463 32262
41.9494 32265
41.9526 32268
41.9557 32271
41.9589 32274
41.962 32277
41.9652 32280
41.9683 32283
41.9715 32286
41.9746 32289
41.9778 32292
41.9809 32295
41.9841 32298
41.9872 32301
42.1275 32304
42.1307 32307
42.1338 32310
42.137 32313
42.1401 32316
42.1433 32319
42.1464 32322
42.1496 32325
42.1527 32328
42.1559 32331
42.159 32334
42.1622 32337
42.1653 32340
42.1685 32343
42.1716 32346
42.1748 32349
42.1779 32352
42.1811 32355
42.1842 32358
42.1874 32361
42.1906 32364
42.1937 32367
42.1969 32370
42.2 32373
42.2032 32376
42.2063 32379
42.2095 32382
42.2126 32385
42.2158 32388
42.2189 32391
42.2221 32394
42.2252 32397
42.2284 32400
42.2315 32403
42.2347 32406
42.2378 32409
42.241 32412
42.2441 32415
42.2473 32418
42.2504 32421
42.2536 32424
42.2567 32427
42.2599 32430
42.263 32433
42.2662 32436
42.2694 32439
42.2725 32442
42.4112 32445
42.4143 32448
42.4175 32451
42.4206 32454
42.4238 32457
42.427 32460
42.4301 32463
42.4333 32466
42.4364 32469
42.4396 32472
42.4427 32475
42.4459 32478
42.449 32481
42.4522 32484
42.4553 32487
42.4585 32490
42.4616 32493
42.4648 32496
42.4679 32499
42.4711 32502
42.4742 32505
42.4774 32508
42.4805 32511
42.4837 32514
42.4868 32517
42.49 32520
42.4931 32523
42.4963 32526
42.4994 32529
42.5026 32532
42.5058 32535
42.5089 32538
42.5121 32541
42.5152 32544
42.5184 32547
42.5215 32550
42.5247 32553
42.5278 32556
42.531 32559
42.5341 32562
42.5373 32565
42.5404 32568
42.5436 32571
42.5467 32574
42.5499 32577
42.553 32580
42.5562 32583
42.698 32586
42.7012 32589
42.7043 32592
42.7075 32595
42.7106 32598
42.7138 32601
42.7169 32604
42.7201 32607
42.7232 32610
42.7264 32613
42.7295 32616
42.7327 32619
42.7358 32622
42.739 32625
42.7422 32628
42.7453 32631
42.7485 32634
42.7516 32637
42.7548 32640
42.7579 32643
42.7611 32646
42.7642 32649
42.7674 32652
42.7705 32655
42.7737 32658
42.7768 32661
42.78 32664
42.7831 32667
42.7863 32670
42.7894 32673
42.7926 32676
42.7957 32679
42.7989 32682
42.802 32685
42.8052 32688
42.8083 32691
42.8115 32694
42.8146 32697
42.8178 32700
42.821 32703
42.8241 32706
42.8273 32709
42.8304 32712
42.8336 32715
42.8367 32718
42.8399 32721
42.843 32724
42.988 32727
42.9912 32730
42.9943 32733
42.9975 32736
43.0006 32739
43.0038 32742
43.0069 32745
43.0101 32748
43.0132 32751
43.0164 32754
43.0195 32757
43.0227 32760
43.0258 32763
43.029 32766
43.0321 32769
43.0353 32772
43.0384 32775
43.0416 32778
43.0447 32781
43.0479 32784
43.051 32787
43.0542 32790
43.0574 32793
43.0605 32796
43.0637 32799
43.0668 32802
43.07 32805
43.0731 32808
43.0763 32811
43.0794 32814
43.0826 32817
43.0857 32820
43.0889 32823
43.092 32826
43.0952 32829
43.0983 32832
43.1015 32835
43.1046 32838
43.1078 32841
43.1109 32844
43.1141 32847
43.1172 32850
43.1204 32853
43.1235 32856
43.1267 32859
43.1298 32862
43.133 32865
43.1362 32868
43.2843 32871
43.2874 32874
43.2906 32877
43.2938 32880
43.2969 32883
43.3001 32886
43.3032 32889
43.3064 32892
43.3095 32895
43.3127 32898
43.3158 32901
43.319 32904
43.3221 32907
43.3253 32910
43.3284 32913
43.3316 32916
43.3347 32919
43.3379 32922
43.341 32925
43.3442 32928
43.3473 32931
43.3505 32934
43.3536 32937
43.3568 32940
43.3599 32943
43.3631 32946
43.3662 32949
43.3694 32952
43.3726 32955
43.3757 32958
43.3789 32961
43.382 32964
43.3852 32967
43.3883 32970
43.3915 32973
43.3946 32976
43.3978 32979
43.4009 32982
43.4041 32985
43.4072 32988
43.4104 32991
43.4135 32994
43.4167 32997
43.4198 33000
43.423 33003
43.4261 33006
43.4293 33009
43.4324 33012
43.5774 33015
43.5806 33018
43.5837 33021
43.5869 33024
43.59 33027
43.5932 33030
43.5963 33033
43.5995 33036
43.6026 33039
43.6058 33042
43.609 33045
43.6121 33048
43.6153 33051
43.6184 33054
43.6216 33057
43.6247 33060
43.6279 33063
43.631 33066
43.6342 33069
43.6373 33072
43.6405 33075
43.6436 33078
43.6468 33081
43.6499 33084
43.6531 33087
43.6562 33090
43.6594 33093
43.6625 33096
43.6657 33099
43.6688 33102
43.672 33105
43.6751 33108
43.6783 33111
43.6814 33114
43.6846 33117
43.6878 33120
43.6909 33123
43.6941 33126
43.6972 33129
43.7004 33132
43.7035 33135
43.7067 33138
43.7098 33141
43.713 33144
43.7161 33147
43.7193 33150
43.7224 33153
43.7256 33156
43.8721 33159
43.8753 33162
43.8784 33165
43.8816 33168
43.8848 33171
43.8879 33174
43.8911 33177
43.8942 33180
43.8974 33183
43.9005 33186
43.9037 33189
43.9068 33192
43.91 33195
43.9131 33198
43.9163 33201
43.9194 33204
43.9226 33207
43.9257 33210
43.9289 33213
43.932 33216
43.9352 33219
43.9383 33222
43.9415 33225
43.9446 33228
43.9478 33231
43.9509 33234
43.9541 33237
43.9572 33240
43.9604 33243
43.9636 33246
43.9667 33249
43.9699 33252
43.973 33255
43.9762 33258
43.9793 33261
43.9825 33264
43.9856 33267
43.9888 33270
43.9919 33273
43.9951 33276
43.9982 33279
44.0014 33282
44.0045 33285
44.0077 33288
44.0108 33291
44.014 33294
44.0171 33297
44.0203 33300
44.17 33303
44.1732 33306
44.1763 33309
44.1795 33312
44.1826 33315
44.1858 33318
44.1889 33321
44.1921 33324
44.1952 33327
44.1984 33330
44.2015 33333
44.2047 33336
44.2078 33339
44.211 33342
44.2141 33345
44.2173 33348
44.2204 33351
44.2236 33354
44.2267 33357
44.2299 33360
44.233 33363
44.2362 33366
44.2394 33369
44.2425 33372
44.2457 33375
44.2488 33378
44.252 33381
44.2551 33384
44.2583 33387
44.2614 33390
44.2646 33393
44.2677 33396
44.2709 33399
44.274 33402
44.2772 33405
44.2803 33408
44.2835 33411
44.2866 33414
44.2898 33417
44.2929 33420
44.2961 33423
44.2992 33426
44.3024 33429
44.3055 33432
44.3087 33435
44.3118 33438
44.315 33441
44.3182 33444
44.471 33447
44.4742 33450
44.4773 33453
44.4805 33456
44.4836 33459
44.4868 33462
44.4899 33465
44.4931 33468
44.4962 33471
44.4994 33474
44.5025 33477
44.5057 33480
44.5088 33483
44.512 33486
44.5152 33489
44.5183 33492
44.5215 33495
44.5246 33498
44.5278 33501
44.5309 33504
44.5341 33507
44.5372 33510
44.5404 33513
44.5435 33516
44.5467 33519
44.5498 33522
44.553 33525
44.5561 33528
44.5593 33531
44.5624 33534
44.5656 33537
44.5687 33540
44.5719 33543
44.575 33546
44.5782 33549
44.5813 33552
44.5845 33555
44.5876 33558
44.5908 33561
44.594 33564
44.5971 33567
44.6003 33570
44.6034 33573
44.6066 33576
44.6097 33579
44.6129 33582
44.616 33585
44.6192 33588
44.6223 33591
44.7752 33594
44.7783 33597
44.7815 33600
44.7846 33603
44.7878 33606
44.791 33609
44.7941 33612
44.7973 33615
44.8004 33618
44.8036 33621
44.8067 33624
44.8099 33627
44.813 33630
44.8162 33633
44.8193 33636
44.8225 33639
44.8256 33642
44.8288 33645
44.8319 33648
44.8351 33651
44.8382 33654
44.8414 33657
44.8445 33660
44.8477 33663
44.8508 33666
44.854 33669
44.8571 33672
44.8603 33675
44.8634 33678
44.8666 33681
44.8698 33684
44.8729 33687
44.8761 33690
44.8792 33693
44.8824 33696
44.8855 33699
44.8887 33702
44.8918 33705
44.895 33708
44.8981 33711
44.9013 33714
44.9044 33717
44.9076 33720
44.9107 33723
44.9139 33726
44.917 33729
44.9202 33732
44.9233 33735
44.9265 33738
45.0794 33741
45.0825 33744
45.0857 33747
45.0888 33750
45.092 33753
45.0951 33756
45.0983 33759
45.1014 33762
45.1046 33765
45.1077 33768
45.1109 33771
45.114 33774
45.1172 33777
45.1203 33780
45.1235 33783
45.1266 33786
45.1298 33789
45.1329 33792
45.1361 33795
45.1392 33798
45.1424 33801
45.1456 33804
45.1487 33807
45.1519 33810
45.155 33813
45.1582 33816
45.1613 33819
45.1645 33822
45.1676 33825
45.1708 33828
45.1739 33831
45.1771 33834
45.1802 33837
45.1834 33840
45.1865 33843
45.1897 33846
45.1928 33849
45.196 33852
45.1991 33855
45.2023 33858
45.2054 33861
45.2086 33864
45.2117 33867
45.2149 33870
45.218 33873
45.2212 33876
45.2244 33879
45.2275 33882
45.2307 33885
45.3867 33888
45.3898 33891
45.393 33894
45.3961 33897
45.3993 33900
45.4024 33903
45.4056 33906
45.4087 33909
45.4119 33912
45.415 33915
45.4182 33918
45.4214 33921
45.4245 33924
45.4277 33927
45.4308 33930
45.434 33933
45.4371 33936
45.4403 33939
45.4434 33942
45.4466 33945
45.4497 33948
45.4529 33951
45.456 33954
45.4592 33957
45.4623 33960
45.4655 33963
45.4686 33966
45.4718 33969
45.4749 33972
45.4781 33975
45.4812 33978
45.4844 33981
45.4875 33984
45.4907 33987
45.4938 33990
45.497 33993
45.5002 33996
45.5033 33999
45.5065 34002
45.5096 34005
45.5128 34008
45.5159 34011
45.5191 34014
45.5222 34017
45.5254 34020
45.5285 34023
45.5317 34026
45.5348 34029
45.538 34032
45.6956 34035
45.6987 34038
45.7019 34041
45.705 34044
45.7082 34047
45.7113 34050
45.7145 34053
45.7176 34056
45.7208 34059
45.7239 34062
45.7271 34065
45.7302 34068
45.7334 34071
45.7366 34074
45.7397 34077
45.7429 34080
45.746 34083
45.7492 34086
45.7523 34089
45.7555 34092
45.7586 34095
45.7618 34098
45.7649 34101
45.7681 34104
45.7712 34107
45.7744 34110
45.7775 34113
45.7807 34116
45.7838 34119
45.787 34122
45.7901 34125
45.7933 34128
45.7964 34131
45.7996 34134
45.8027 34137
45.8059 34140
45.809 34143
45.8122 34146
45.8154 34149
45.8185 34152
45.8217 34155
45.8248 34158
45.828 34161
45.8311 34164
45.8343 34167
45.8374 34170
45.8406 34173
45.8437 34176
45.8469 34179
45.85 34182
46.0108 34185
46.0139 34188
46.0171 34191
46.0202 34194
46.0234 34197
46.0265 34200
46.0297 34203
46.0328 34206
46.036 34209
46.0391 34212
46.0423 34215
46.0454 34218
46.0486 34221
46.0518 34224
46.0549 34227
46.0581 34230
46.0612 34233
46.0644 34236
46.0675 34239
46.0707 34242
46.0738 34245
46.077 34248
46.0801 34251
46.0833 34254
46.0864 34257
46.0896 34260
46.0927 34263
46.0959 34266
46.099 34269
46.1022 34272
46.1053 34275
46.1085 34278
46.1116 34281
46.1148 34284
46.1179 34287
46.1211 34290
46.1242 34293
46.1274 34296
46.1306 34299
46.1337 34302
46.1369 34305
46.14 34308
46.1432 34311
46.1463 34314
46.1495 34317
46.1526 34320
46.1558 34323
46.1589 34326
46.1621 34329
46.1652 34332
46.3228 34335
46.326 34338
46.3291 34341
46.3323 34344
46.3354 34347
46.3386 34350
46.3417 34353
46.3449 34356
46.348 34359
46.3512 34362
46.3543 34365
46.3575 34368
46.3606 34371
46.3638 34374
46.367 34377
46.3701 34380
46.3733 34383
46.3764 34386
46.3796 34389
46.3827 34392
46.3859 34395
46.389 34398
46.3922 34401
46.3953 34404
46.3985 34407
46.4016 34410
46.4048 34413
46.4079 34416
46.4111 34419
46.4142 34422
46.4174 34425
46.4205 34428
46.4237 34431
46.4268 34434
46.43 34437
46.4331 34440
46.4363 34443
46.4394 34446
46.4426 34449
46.4458 34452
46.4489 34455
46.4521 34458
46.4552 34461
46.4584 34464
46.4615 34467
46.4647 34470
46.4678 34473
46.471 34476
46.4741 34479
46.4773 34482
46.6396 34485
46.6428 34488
46.6459 34491
46.6491 34494
46.6522 34497
46.6554 34500
46.6585 34503
46.6617 34506
46.6648 34509
46.668 34512
46.6711 34515
46.6743 34518
46.6774 34521
46.6806 34524
46.6837 34527
46.6869 34530
46.69 34533
46.6932 34536
46.6963 34539
46.6995 34542
46.7026 34545
46.7058 34548
46.7089 34551
46.7121 34554
46.7152 34557
46.7184 34560
46.7216 34563
46.7247 34566
46.7279 34569
46.731 34572
46.7342 34575
46.7373 34578
46.7405 34581
46.7436 34584
46.7468 34587
46.7499 34590
46.7531 34593
46.7562 34596
46.7594 34599
46.7625 34602
46.7657 34605
46.7688 34608
46.772 34611
46.7751 34614
46.7783 34617
46.7814 34620
46.7846 34623
46.7877 34626
46.7909 34629
46.794 34632
46.958 34635
46.9611 34638
46.9643 34641
46.9674 34644
46.9706 34647
46.9737 34650
46.9769 34653
46.98 34656
46.9832 34659
46.9863 34662
46.9895 34665
46.9926 34668
46.9958 34671
46.9989 34674
47.0021 34677
47.0052 34680
47.0084 34683
47.0115 34686
47.0147 34689
47.0178 34692
47.021 34695
47.0241 34698
47.0273 34701
47.0304 34704
47.0336 34707
47.0368 34710
47.0399 34713
47.0431 34716
47.0462 34719
47.0494 34722
47.0525 34725
47.0557 34728
47.0588 34731
47.062 34734
47.0651 34737
47.0683 34740
47.0714 34743
47.0746 34746
47.0777 34749
47.0809 34752
47.084 34755
47.0872 34758
47.0903 34761
47.0935 34764
47.0966 34767
47.0998 34770
47.1029 34773
47.1061 34776
47.1092 34779
47.1124 34782
47.2795 34785
47.2826 34788
47.2858 34791
47.2889 34794
47.2921 34797
47.2952 34800
47.2984 34803
47.3015 34806
47.3047 34809
47.3078 34812
47.311 34815
47.3141 34818
47.3173 34821
47.3204 34824
47.3236 34827
47.3267 34830
47.3299 34833
47.333 34836
47.3362 34839
47.3393 34842
47.3425 34845
47.3456 34848
47.3488 34851
47.352 34854
47.3551 34857
47.3583 34860
47.3614 34863
47.3646 34866
47.3677 34869
47.3709 34872
47.374 34875
47.3772 34878
47.3803 34881
47.3835 34884
47.3866 34887
47.3898 34890
47.3929 34893
47.3961 34896
47.3992 34899
47.4024 34902
47.4055 34905
47.4087 34908
47.4118 34911
47.415 34914
47.4181 34917
47.4213 34920
47.4244 34923
47.4276 34926
47.4308 34929
47.4339 34932
47.4371 34935
47.601 34938
47.6041 34941
47.6073 34944
47.6104 34947
47.6136 34950
47.6167 34953
47.6199 34956
47.623 34959
47.6262 34962
47.6293 34965
47.6325 34968
47.6356 34971
47.6388 34974
47.6419 34977
47.6451 34980
47.6482 34983
47.6514 34986
47.6545 34989
47.6577 34992
47.6608 34995
47.664 34998
47.6672 35001
47.6703 35004
47.6735 35007
47.6766 35010
47.6798 35013
47.6829 35016
47.6861 35019
47.6892 35022
47.6924 35025
47.6955 35028
47.6987 35031
47.7018 35034
47.705 35037
47.7081 35040
47.7113 35043
47.7144 35046
47.7176 35049
47.7207 35052
47.7239 35055
47.727 35058
47.7302 35061
47.7333 35064
47.7365 35067
47.7396 35070
47.7428 35073
47.746 35076
47.7491 35079
47.7523 35082
47.7554 35085
47.7586 35088
47.9256 35091
47.9288 35094
47.9319 35097
47.9351 35100
47.9382 35103
47.9414 35106
47.9445 35109
47.9477 35112
47.9508 35115
47.954 35118
47.9571 35121
47.9603 35124
47.9634 35127
47.9666 35130
47.9697 35133
47.9729 35136
47.976 35139
47.9792 35142
47.9824 35145
47.9855 35148
47.9887 35151
47.9918 35154
47.995 35157
47.9981 35160
48.0013 35163
48.0044 35166
48.0076 35169
48.0107 35172
48.0139 35175
48.017 35178
48.0202 35181
48.0233 35184
48.0265 35187
48.0296 35190
48.0328 35193
48.0359 35196
48.0391 35199
48.0422 35202
48.0454 35205
48.0485 35208
48.0517 35211
48.0548 35214
48.058 35217
48.0612 35220
48.0643 35223
48.0675 35226
48.0706 35229
48.0738 35232
48.0769 35235
48.0801 35238
48.0832 35241
48.2518 35244
48.255 35247
48.2582 35250
48.2613 35253
48.2645 35256
48.2676 35259
48.2708 35262
48.2739 35265
48.2771 35268
48.2802 35271
48.2834 35274
48.2865 35277
48.2897 35280
48.2928 35283
48.296 35286
48.2991 35289
48.3023 35292
48.3054 35295
48.3086 35298
48.3117 35301
48.3149 35304
48.318 35307
48.3212 35310
48.3243 35313
48.3275 35316
48.3306 35319
48.3338 35322
48.337 35325
48.3401 35328
48.3433 35331
48.3464 35334
48.3496 35337
48.3527 35340
48.3559 35343
48.359 35346
48.3622 35349
48.3653 35352
48.3685 35355
48.3716 35358
48.3748 35361
48.3779 35364
48.3811 35367
48.3842 35370
48.3874 35373
48.3905 35376
48.3937 35379
48.3968 35382
48.4 35385
48.4031 35388
48.4063 35391
48.4094 35394
48.5797 35397
48.5828 35400
48.586 35403
48.5891 35406
48.5923 35409
48.5954 35412
48.5986 35415
48.6017 35418
48.6049 35421
48.608 35424
48.6112 35427
48.6143 35430
48.6175 35433
48.6206 35436
48.6238 35439
48.6269 35442
48.6301 35445
48.6332 35448
48.6364 35451
48.6395 35454
48.6427 35457
48.6458 35460
48.649 35463
48.6522 35466
48.6553 35469
48.6585 35472
48.6616 35475
48.6648 35478
48.6679 35481
48.6711 35484
48.6742 35487
48.6774 35490
48.6805 35493
48.6837 35496
48.6868 35499
48.69 35502
48.6931 35505
48.6963 35508
48.6994 35511
48.7026 35514
48.7057 35517
48.7089 35520
48.712 35523
48.7152 35526
48.7183 35529
48.7215 35532
48.7246 35535
48.7278 35538
48.731 35541
48.7341 35544
48.7373 35547
48.7404 35550
48.9122 35553
48.9153 35556
48.9185 35559
48.9216 35562
48.9248 35565
48.928 35568
48.9311 35571
48.9343 35574
48.9374 35577
48.9406 35580
48.9437 35583
48.9469 35586
48.95 35589
48.9532 35592
48.9563 35595
48.9595 35598
48.9626 35601
48.9658 35604
48.9689 35607
48.9721 35610
48.9752 35613
48.9784 35616
48.9815 35619
48.9847 35622
48.9878 35625
48.991 35628
48.9941 35631
48.9973 35634
49.0004 35637
49.0036 35640
49.0068 35643
49.0099 35646
49.0131 35649
49.0162 35652
49.0194 35655
49.0225 35658
49.0257 35661
49.0288 35664
49.032 35667
49.0351 35670
49.0383 35673
49.0414 35676
49.0446 35679
49.0477 35682
49.0509 35685
49.054 35688
49.0572 35691
49.0603 35694
49.0635 35697
49.0666 35700
49.0698 35703
49.0729 35706
49.2432 35709
49.2463 35712
49.2495 35715
49.2526 35718
49.2558 35721
49.2589 35724
49.2621 35727
49.2652 35730
49.2684 35733
49.2715 35736
49.2747 35739
49.2778 35742
49.281 35745
49.2841 35748
49.2873 35751
49.2904 35754
49.2936 35757
49.2967 35760
49.2999 35763
49.303 35766
49.3062 35769
49.3093 35772
49.3125 35775
49.3156 35778
49.3188 35781
49.322 35784
49.3251 35787
49.3283 35790
49.3314 35793
49.3346 35796
49.3377 35799
49.3409 35802
49.344 35805
49.3472 35808
49.3503 35811
49.3535 35814
49.3566 35817
49.3598 35820
49.3629 35823
49.3661 35826
49.3692 35829
49.3724 35832
49.3755 35835
49.3787 35838
49.3818 35841
49.385 35844
49.3881 35847
49.3913 35850
49.3944 35853
49.3976 35856
49.4008 35859
49.4039 35862
49.5773 35865
49.5804 35868
49.5836 35871
49.5867 35874
49.5899 35877
49.593 35880
49.5962 35883
49.5993 35886
49.6025 35889
49.6056 35892
49.6088 35895
49.6119 35898
49.6151 35901
49.6182 35904
49.6214 35907
49.6245 35910
49.6277 35913
49.6308 35916
49.634 35919
49.6372 35922
49.6403 35925
49.6435 35928
49.6466 35931
49.6498 35934
49.6529 35937
49.6561 35940
49.6592 35943
49.6624 35946
49.6655 35949
49.6687 35952
49.6718 35955
49.675 35958
49.6781 35961
49.6813 35964
49.6844 35967
49.6876 35970
49.6907 35973
49.6939 35976
49.697 35979
49.7002 35982
49.7033 35985
49.7065 35988
49.7096 35991
49.7128 35994
49.716 35997
49.7191 36000
49.7223 36003
49.7254 36006
49.7286 36009
49.7317 36012
49.7349 36015
49.738 36018
49.913 36021
49.9161 36024
49.9193 36027
49.9224 36030
49.9256 36033
49.9287 36036
49.9319 36039
49.935 36042
49.9382 36045
49.9413 36048
49.9445 36051
49.9476 36054
49.9508 36057
49.9539 36060
49.9571 36063
49.9602 36066
49.9634 36069
49.9665 36072
49.9697 36075
49.9728 36078
49.976 36081
49.9791 36084
49.9823 36087
49.9854 36090
49.9886 36093
49.9918 36096
49.9949 36099
49.9981 36102
50.0012 36105
50.0044 36108
50.0075 36111
50.0107 36114
50.0138 36117
50.017 36120
50.0201 36123
50.0233 36126
50.0264 36129
50.0296 36132
50.0327 36135
50.0359 36138
50.039 36141
50.0422 36144
50.0453 36147
50.0485 36150
50.0516 36153
50.0548 36156
50.0579 36159
50.0611 36162
50.0642 36165
50.0674 36168
50.0706 36171
50.0737 36174
